com.alibaba.json.bvt.issue_3300.Issue3448.test_1 416486221215 651928282 78789698462 224132403136 0 599940450 51949827134 163359 
com.alibaba.json.bvt.issue_3300.Issue3448.test 416488184347 651948767 78790057024 224136364746 0 599963272 51952062163 163359 
com.alibaba.json.bvt.issue_3300.Issue3448.test2 416489719473 651964603 78790334620 224139378325 0 599980059 51953690162 163359 
com.alibaba.json.bvt.issue_3300.Issue3448.test3 416491282074 651982435 78790612682 224142348889 0 599996446 51955328181 163360 
com.alibaba.json.bvt.issue_3300.Issue3448.test_1 420215221400 647771601 79613787449 233111293592 0 651493137 52399971756 173997 
com.alibaba.json.bvt.issue_3300.Issue3448.test 420217225901 647790137 79614153351 233114232089 0 651513474 52401634163 173998 
com.alibaba.json.bvt.issue_3300.Issue3448.test2 420218733439 647806081 79614425550 233116683586 0 651530029 52402841583 173998 
com.alibaba.json.bvt.issue_3300.Issue3448.test3 420220282748 647817586 79614698367 233118414515 0 651543024 52403758920 173998 
com.alibaba.json.bvt.issue_3300.Issue3448.test_1 414728091805 618072921 78590420764 221152425580 0 633349335 49843943039 157260 
com.alibaba.json.bvt.issue_3300.Issue3448.test 414730015283 618090476 78590771785 221155107908 0 633368675 49845413640 157260 
com.alibaba.json.bvt.issue_3300.Issue3448.test2 414731495913 618104066 78591039218 221157066892 0 633383031 49846306266 157260 
com.alibaba.json.bvt.issue_3300.Issue3448.test3 414733008068 618116859 78591307690 221158949656 0 633395723 49847159118 157260 
com.alibaba.json.bvt.issue_3300.Issue3448.test 7017072828 45126884 1327653612 6887461961 0 38481459 3734505959 50210 
com.alibaba.json.bvt.issue_3300.Issue3448.test_1 7018263614 45137289 1327874798 6889131676 0 38492940 3735489646 50210 
com.alibaba.json.bvt.issue_3300.Issue3448.test3 7019145735 45145711 1328038386 6890296196 0 38500242 3736078770 50210 
com.alibaba.json.bvt.issue_3300.Issue3448.test2 7020194437 45154353 1328228149 6891597191 0 38508009 3736692723 50210 
com.alibaba.json.bvt.issue_3300.Issue3448.test2 428029055737 613467840 80392839290 223241468041 0 615597946 54241480874 170006 
com.alibaba.json.bvt.issue_3300.Issue3448.test3 428029806702 613475208 80392985578 223242330358 0 615604089 54241916197 170006 
com.alibaba.json.bvt.issue_3300.Issue3448.test_1 428031483619 613489642 80393300227 223243987316 0 615614089 54242838659 170006 
com.alibaba.json.bvt.issue_3300.Issue3448.test 428032556015 613499947 80393507433 223245195468 0 615623703 54243373663 170006 
com.alibaba.json.bvt.issue_3300.Issue3448.test2 440099151162 611706226 82925773757 226322366928 0 639627161 52754646352 114000 
com.alibaba.json.bvt.issue_3300.Issue3448.test 440100355135 611717504 82926008571 226323673035 0 639637473 52755193119 114000 
com.alibaba.json.bvt.issue_3300.Issue3448.test_1 440101266357 611727005 82926185113 226324795777 0 639645264 52755796839 114000 
com.alibaba.json.bvt.issue_3300.Issue3448.test3 440101970107 611734280 82926320189 226325596772 0 639650167 52756242828 114000 
com.alibaba.json.bvt.issue_3300.Issue3448.test_1 415634139784 671366882 78446863851 216604116995 0 559248318 51649389155 138328 
com.alibaba.json.bvt.issue_3300.Issue3448.test 415636110522 671382634 78447224197 216606433113 0 559268204 51650571260 138328 
com.alibaba.json.bvt.issue_3300.Issue3448.test2 415637647493 671394835 78447500967 216608101095 0 559282791 51651318749 138328 
com.alibaba.json.bvt.issue_3300.Issue3448.test3 415639169750 671406072 78447770458 216609675148 0 559295422 51652000451 138328 
com.alibaba.json.bvt.issue_3300.Issue3448.test_1 4259977440 30012996 807264164 4957440490 0 24803832 2963965078 13502 
com.alibaba.json.bvt.issue_3300.Issue3448.test2 4260969270 30023057 807448126 4958907900 0 24813062 2964873235 13522 
com.alibaba.json.bvt.issue_3300.Issue3448.test3 4261868396 30032194 807613446 4960054911 0 24820455 2965415475 13542 
com.alibaba.json.bvt.issue_3300.Issue3448.test 4263364311 30044961 807893505 4961896000 0 24832301 2966306308 13565 
com.alibaba.json.bvt.issue_3300.Issue3448.test3 429115307483 606350989 80640617506 222730777310 0 637038274 54011944802 170887 
com.alibaba.json.bvt.issue_3300.Issue3448.test2 429117116258 606366164 80640948583 222732812499 0 637049177 54013278697 170887 
com.alibaba.json.bvt.issue_3300.Issue3448.test 429118436139 606377326 80641197962 222734276695 0 637060600 54013920360 170887 
com.alibaba.json.bvt.issue_3300.Issue3448.test_1 429119560553 606386391 80641402602 222735416221 0 637069595 54014381019 170887 
com.alibaba.json.bvt.issue_3300.Issue3448.test2 430029001497 582870448 80862203122 223166814794 0 618610572 51030949860 125855 
com.alibaba.json.bvt.issue_3300.Issue3448.test_1 430030999275 582886285 80862578723 223169276837 0 618623093 51032837693 125855 
com.alibaba.json.bvt.issue_3300.Issue3448.test 430032316784 582897782 80862827335 223170868433 0 618634406 51033720628 125855 
com.alibaba.json.bvt.issue_3300.Issue3448.test3 430033313341 582905265 80863011250 223171841197 0 618641330 51034166925 125855 
com.alibaba.json.bvt.issue_3300.Issue3448.test2 5068761854 31417292 969411888 5203107458 0 29429951 2536098269 36003 
com.alibaba.json.bvt.issue_3300.Issue3448.test 5071035658 31441215 969836775 5207492124 0 29447478 2539884313 36003 
com.alibaba.json.bvt.issue_3300.Issue3448.test3 5071979177 31451451 970012750 5209108669 0 29456272 2540962731 36003 
com.alibaba.json.bvt.issue_3300.Issue3448.test_1 5073201557 31464077 970234046 5211374869 0 29467983 2542357065 36003 
com.alibaba.json.bvt.issue_3300.Issue3448.test3 1388797789 8207512 262707635 1698858680 0 7162381 978435978 5086 
com.alibaba.json.bvt.issue_3300.Issue3448.test_1 1392107506 8234847 263302191 1705095105 0 7179670 983839849 5086 
com.alibaba.json.bvt.issue_3300.Issue3448.test2 1393575474 8246275 263559482 1707773704 0 7190018 985684979 5086 
com.alibaba.json.bvt.issue_3300.Issue3448.test 1395524905 8260869 263901315 1710947261 0 7203552 987725918 5086 
com.alibaba.json.bvt.issue_3300.Issue3448.test2 426586805097 537733580 81096618268 216064016089 0 586969534 51079921978 272203 
com.alibaba.json.bvt.issue_3300.Issue3448.test 426588887414 537750395 81097001586 216066401985 0 586982691 51081483473 272203 
com.alibaba.json.bvt.issue_3300.Issue3448.test3 426589910055 537758330 81097198225 216067473767 0 586990129 51081977366 272203 
com.alibaba.json.bvt.issue_3300.Issue3448.test_1 426591027263 537767152 81097401569 216068674424 0 586998737 51082550157 272203 
com.alibaba.json.bvt.issue_3300.Issue3448.test 424357519335 683856795 79335647490 221629208952 0 618283879 56598692698 445948 
com.alibaba.json.bvt.issue_3300.Issue3448.test3 424358460779 683866000 79335828588 221630713213 0 618292104 56599300644 445947 
com.alibaba.json.bvt.issue_3300.Issue3448.test_1 424359426862 683875278 79336015161 221632270074 0 618300629 56599934505 445948 
com.alibaba.json.bvt.issue_3300.Issue3448.test2 424360273899 683883230 79336177556 221633567029 0 618307419 56600409026 445948 
com.alibaba.json.bvt.issue_3300.Issue3448.test_1 2662166905 13900893 510827933 2745795241 0 14625441 1281424997 32633 
com.alibaba.json.bvt.issue_3300.Issue3448.test2 2663224011 13909913 511022924 2747066747 0 14635194 1282174056 32653 
com.alibaba.json.bvt.issue_3300.Issue3448.test3 2664223404 13918689 511207225 2748142019 0 14643330 1282665530 32672 
com.alibaba.json.bvt.issue_3300.Issue3448.test 2665755774 13931228 511488129 2749870459 0 14656267 1283492839 32695 
com.alibaba.json.bvt.issue_3300.Issue3448.test3 82395354 136261 16176364 54656866 0 268848 14943537 290 
com.alibaba.json.bvt.issue_3300.Issue3448.test2 85896109 160374 16797024 58780101 0 295182 17691590 291 
com.alibaba.json.bvt.issue_3300.Issue3448.test_1 91925922 184990 17871531 63566465 0 327157 19986707 292 
com.alibaba.json.bvt.issue_3300.Issue3448.test 94588689 203761 18340717 66477624 0 349765 21486165 292 
com.alibaba.json.bvt.issue_3300.Issue3448.test2 7988952826 53354659 1486561326 8043844873 0 37326268 4941576517 28297 
com.alibaba.json.bvt.issue_3300.Issue3448.test_1 7990213925 53369671 1486804008 8045996017 0 37338708 4942657330 28297 
com.alibaba.json.bvt.issue_3300.Issue3448.test3 7991081984 53378799 1486966147 8047193909 0 37346815 4943118015 28297 
com.alibaba.json.bvt.issue_3300.Issue3448.test 7992375117 53392253 1487204715 8049191366 0 37359163 4943860617 28297 
