com.alibaba.json.bvt.issue_1300.Issue1392.test 420200568842 675447987 79506671685 229053014979 0 623856788 54805213187 167005 
com.alibaba.json.bvt.issue_1300.Issue1392.test 423919803985 669559132 80328659858 236728439154 0 673926871 54028878388 177675 
com.alibaba.json.bvt.issue_1300.Issue1392.test 418433974897 640254593 79305221194 225172802208 0 656325774 51854236365 160923 
com.alibaba.json.bvt.issue_1300.Issue1392.test 7886740914 51346328 1489901896 7948461236 0 42409636 4455332176 50437 
com.alibaba.json.bvt.issue_1300.Issue1392.test 426448007903 604686754 80088889034 221850173761 0 608583005 53530833171 169009 
com.alibaba.json.bvt.issue_1300.Issue1392.test 438780138928 601650688 82684644216 224938218925 0 634664166 51828284772 113905 
com.alibaba.json.bvt.issue_1300.Issue1392.test 419318937226 692805620 79157462665 220530489049 0 581912308 53683910840 142035 
com.alibaba.json.bvt.issue_1300.Issue1392.test 7606982033 55192089 1418102706 8388124241 0 38143090 5376971230 20487 
com.alibaba.json.bvt.issue_1300.Issue1392.test 425863666438 585855087 80034357465 219537729547 0 622742612 52261096370 169587 
com.alibaba.json.bvt.issue_1300.Issue1392.test 432034435024 598809998 81230000188 225309048418 0 627164405 52389239882 125978 
com.alibaba.json.bvt.issue_1300.Issue1392.test 4477628251 27034414 858813509 4513324823 0 26560555 2106162666 35825 
com.alibaba.json.bvt.issue_1300.Issue1392.test 3996720575 27620377 757730118 5524737497 0 21687499 3182211967 8317 
com.alibaba.json.bvt.issue_1300.Issue1392.test 1544304475 10079442 300936879 2074051790 0 10886334 1061300963 10287 
com.alibaba.json.bvt.issue_1300.Issue1392.test 424341259124 683729461 79332563018 221605210663 0 618181067 56585461201 445942 
com.alibaba.json.bvt.issue_1300.Issue1392.test 7324378219 50392513 1379933598 8820636270 0 42100541 4921483415 43411 
com.alibaba.json.bvt.issue_1300.Issue1392.test 8295459074 51986392 1571842966 8875749804 0 44341518 4699457316 54509 
com.alibaba.json.bvt.issue_1300.Issue1392.test 3150168599 20316526 602755802 3511519496 0 18706122 1953761471 16543 
