com.alibaba.json.bvt.issue_2900.Issue2982.test_for_issue 416493330369 651997821 78790967634 224145205752 0 600011306 51956647572 163360 
com.alibaba.json.bvt.issue_2900.Issue2982.test_for_issue 420222309840 647827086 79615051557 233120134906 0 651554916 52404520238 173998 
com.alibaba.json.bvt.issue_2900.Issue2982.test_for_issue 414735032584 618128419 78591658046 221160920517 0 633407637 49848045539 157260 
com.alibaba.json.bvt.issue_2900.Issue2982.test_for_issue 6916136497 44313912 1309053456 6778189011 0 38034099 3651884392 50204 
com.alibaba.json.bvt.issue_2900.Issue2982.test_for_issue 48162388 86868 9535983 45107223 0 153134 10254968 319 
com.alibaba.json.bvt.issue_2900.Issue2982.test_for_issue 439509567401 606256658 82818494190 225626788497 0 636764827 52272179000 113971 
com.alibaba.json.bvt.issue_2900.Issue2982.test_for_issue 415641082352 671415919 78448103223 216611264928 0 559306656 51652670303 138328 
com.alibaba.json.bvt.issue_2900.Issue2982.test_for_issue 5448382901 38523766 1023137570 6213606526 0 29594108 3799484594 20063 
com.alibaba.json.bvt.issue_2900.Issue2982.test_for_issue 428933391402 605178230 80609738114 222543327385 0 636138791 53907878165 170876 
com.alibaba.json.bvt.issue_2900.Issue2982.test_for_issue 432062565546 598962721 81235460057 225335608368 0 627332618 52401475070 126004 
com.alibaba.json.bvt.issue_2900.Issue2982.test_for_issue 431490364383 610150079 81841565150 220270793415 0 624899216 53171311149 125237 
com.alibaba.json.bvt.issue_2900.Issue2982.test_for_issue 602527285 3353005 116745734 730544188 0 3373064 393557606 4740 
com.alibaba.json.bvt.issue_2900.Issue2982.test_for_issue 427848572717 549238281 81327403242 217645987363 0 593551841 52191018945 272357 
com.alibaba.json.bvt.issue_2900.Issue2982.test_for_issue 420362014242 652024880 78604012096 217031056528 0 603244015 53317496703 445597 
com.alibaba.json.bvt.issue_2900.Issue2982.test_for_issue 6482588569 43696489 1231036196 7774750694 0 38322014 4198586467 43386 
com.alibaba.json.bvt.issue_2900.Issue2982.test_for_issue 4236065232 21692691 813399493 3942248827 0 21472684 1844112537 41846 
com.alibaba.json.bvt.issue_2900.Issue2982.test_for_issue 6276398877 42161847 1173792966 6464955788 0 30549870 3949599108 28003 
