com.alibaba.json.bvt.issue_1400.Issue1405.test7 426790300584 729689087 80726610139 237462127999 0 651892367 60200559037 168009 
com.alibaba.json.bvt.issue_1400.Issue1405.test7 430333573857 724612336 81515126088 245935603055 0 703057729 60266528514 178694 
com.alibaba.json.bvt.issue_1400.Issue1405.test7 424874045731 688800142 80496989223 232023641148 0 683710183 56226336942 161929 
com.alibaba.json.bvt.issue_1400.Issue1405.test7 9200556898 64063205 1731352804 9835016526 0 47802154 5728535322 51908 
com.alibaba.json.bvt.issue_1400.Issue1405.test7 428753268335 617355228 80521005675 223752521473 0 617246881 54541864410 170018 
com.alibaba.json.bvt.issue_1400.Issue1405.test7 439154007580 603560216 82753278816 225230895015 0 635561334 52015419830 113936 
com.alibaba.json.bvt.issue_1400.Issue1405.test7 425713386502 741743121 80337276077 227891604150 0 609136265 58910434220 143050 
com.alibaba.json.bvt.issue_1400.Issue1405.test7 4255613784 29976581 806437901 4951202411 0 24775993 2959191150 13398 
com.alibaba.json.bvt.issue_1400.Issue1405.test7 428139562251 600278319 80460444670 221767758016 0 633116908 53443383084 170636 
com.alibaba.json.bvt.issue_1400.Issue1405.test7 431947400128 597684606 81214493860 225170385983 0 626500639 52305500122 125970 
com.alibaba.json.bvt.issue_1400.Issue1405.test7 2472386401 12651949 475883678 2294747418 0 13395396 967792498 28144 
com.alibaba.json.bvt.issue_1400.Issue1405.test7 1360800634 8042522 257585538 1655497935 0 7000948 951808641 5065 
com.alibaba.json.bvt.issue_1400.Issue1405.test7 427624754778 546719391 81286997999 217332036962 0 591815797 51981561155 272330 
com.alibaba.json.bvt.issue_1400.Issue1405.test7 6221280744 35223223 1193691964 6254401125 0 34459640 3242602536 42573 
com.alibaba.json.bvt.issue_1400.Issue1405.test7 7741299515 53288626 1456431672 9240407490 0 43527525 5242046035 43467 
com.alibaba.json.bvt.issue_1400.Issue1405.test7 425426116833 577860046 80786714167 221008764542 0 626399050 53438451751 197080 
com.alibaba.json.bvt.issue_1400.Issue1405.test7 3618362515 22892623 688798557 3906640529 0 20101492 2217899772 16597 
