com.alibaba.json.bvt.issue_1300.Issue1307.test_context_value_filter_not_effected 416558506633 652467416 78803149138 224243583184 0 600460924 52010821198 163387 
com.alibaba.json.bvt.issue_1300.Issue1307.test_context_value_filter_effected 416559646267 652477887 78803350345 224245448148 0 600470870 52011873270 163389 
com.alibaba.json.bvt.issue_1300.Issue1307.test_context_value_filter_not_effected 420290336876 648235583 79627757034 233197747490 0 651988004 52448616223 174043 
com.alibaba.json.bvt.issue_1300.Issue1307.test_context_value_filter_effected 420291760203 648249256 79628009922 233199667061 0 651999492 52449888041 174043 
com.alibaba.json.bvt.issue_1300.Issue1307.test_context_value_filter_not_effected 414801440176 618514616 78604055085 221227111499 0 633803351 49881229812 157291 
com.alibaba.json.bvt.issue_1300.Issue1307.test_context_value_filter_effected 414802662390 618524786 78604270820 221228522505 0 633813009 49881913812 157291 
com.alibaba.json.bvt.issue_1300.Issue1307.test_context_value_filter_effected 4406502382 26203532 836132995 4162015194 0 22443295 2155908665 41687 
com.alibaba.json.bvt.issue_1300.Issue1307.test_context_value_filter_not_effected 4407401070 26210072 836292699 4162910200 0 22449680 2156394329 41687 
com.alibaba.json.bvt.issue_1300.Issue1307.test_context_value_filter_effected 428755054978 617370793 80521357553 223755087859 0 617259362 54543567885 170019 
com.alibaba.json.bvt.issue_1300.Issue1307.test_context_value_filter_not_effected 428755678970 617375841 80521476968 223755695450 0 617263292 54543885994 170019 
com.alibaba.json.bvt.issue_1300.Issue1307.test_context_value_filter_not_effected 436423016644 587200981 82243054958 222713476877 0 624173389 50567106924 112786 
com.alibaba.json.bvt.issue_1300.Issue1307.test_context_value_filter_effected 436423856160 587206798 82243204242 222714231217 0 624178690 50567475061 112786 
com.alibaba.json.bvt.issue_1300.Issue1307.test_context_value_filter_not_effected 415704281318 671767947 78459884371 216670240937 0 559687951 51681096660 138358 
com.alibaba.json.bvt.issue_1300.Issue1307.test_context_value_filter_effected 415705435180 671776169 78460088493 216671362026 0 559696954 51681662238 138358 
com.alibaba.json.bvt.issue_1300.Issue1307.test_context_value_filter_not_effected 423032926062 638949443 79365828027 222631565246 0 587969786 53974494020 150989 
com.alibaba.json.bvt.issue_1300.Issue1307.test_context_value_filter_effected 423033732950 638955382 79365972694 222632350623 0 587975187 53974903319 150989 
com.alibaba.json.bvt.issue_1300.Issue1307.test_context_value_filter_not_effected 7511175889 54195730 1400949703 8267728320 0 37545870 5282359058 20476 
com.alibaba.json.bvt.issue_1300.Issue1307.test_context_value_filter_effected 7511853332 54201366 1401077718 8268545942 0 37550400 5282956888 20476 
com.alibaba.json.bvt.issue_1300.Issue1307.test_context_value_filter_effected 3662392503 22422933 694478781 3906077200 0 19199384 2147769797 39411 
com.alibaba.json.bvt.issue_1300.Issue1307.test_context_value_filter_not_effected 3663415005 22430061 694658117 3907111428 0 19205740 2148449505 39411 
com.alibaba.json.bvt.issue_1300.Issue1307.test_context_value_filter_not_effected 432527477736 602650067 81321214237 225823973370 0 629252511 52716731949 126024 
com.alibaba.json.bvt.issue_1300.Issue1307.test_context_value_filter_effected 432528072056 602655950 81321328333 225824786715 0 629256867 52717181286 126024 
com.alibaba.json.bvt.issue_1300.Issue1307.test_context_value_filter_not_effected 156904670 399501 30159600 111732064 0 655192 30787297 290 
com.alibaba.json.bvt.issue_1300.Issue1307.test_context_value_filter_effected 158793908 413898 30487687 114107748 0 668857 31644304 290 
com.alibaba.json.bvt.issue_1300.Issue1307.test_context_value_filter_not_effected 2224280523 13890205 415791688 2864620440 0 10780125 1682884609 5829 
com.alibaba.json.bvt.issue_1300.Issue1307.test_context_value_filter_effected 2225413095 13899445 415990278 2866380830 0 10786482 1683968892 5829 
com.alibaba.json.bvt.issue_1300.Issue1307.test_context_value_filter_not_effected 428577777177 555764258 81460382598 218498829913 0 597132471 52790713011 272404 
com.alibaba.json.bvt.issue_1300.Issue1307.test_context_value_filter_effected 428578358866 555769280 81460494365 218499464027 0 597136417 52791110087 272404 
com.alibaba.json.bvt.issue_1300.Issue1307.test_context_value_filter_not_effected 420107807669 650901627 78559440937 216770964539 0 602500193 53212202674 445540 
com.alibaba.json.bvt.issue_1300.Issue1307.test_context_value_filter_effected 420108672737 650911346 78559594735 216772212736 0 602506480 53212880763 445539 
com.alibaba.json.bvt.issue_1300.Issue1307.test_context_value_filter_effected 8735972552 61498472 1638637236 10442716816 0 47642732 6086759998 49967 
com.alibaba.json.bvt.issue_1300.Issue1307.test_context_value_filter_not_effected 8736568483 61504101 1638750581 10443421338 0 47647217 6087309180 49967 
com.alibaba.json.bvt.issue_1300.Issue1307.test_context_value_filter_effected 6439909176 37249427 1235404666 6735232970 0 35973283 3306855537 44071 
com.alibaba.json.bvt.issue_1300.Issue1307.test_context_value_filter_not_effected 6440828167 37258374 1235568322 6736704348 0 35980597 3307667755 44072 
com.alibaba.json.bvt.issue_1300.Issue1307.test_context_value_filter_effected 7994123915 53410611 1487539372 8052213551 0 37373970 4945350499 28297 
com.alibaba.json.bvt.issue_1300.Issue1307.test_context_value_filter_not_effected 7994950803 53418473 1487688737 8053322789 0 37380250 4945794878 28297 
