com.alibaba.json.bvt.issue_1300.Issue1367_jaxrs.testParameterizedTypeBean 420326056222 677027907 79529339395 229246849070 0 624993555 54926082114 167022 
com.alibaba.json.bvt.issue_1300.Issue1367_jaxrs.testTypeVariableBean 420433168276 678285284 79548483146 229382056028 0 625838866 55024515169 167029 
com.alibaba.json.bvt.issue_1300.Issue1367_jaxrs.testParameterizedTypeBean 424045184038 671011565 80351308186 236899503603 0 675021002 54132623620 177688 
com.alibaba.json.bvt.issue_1300.Issue1367_jaxrs.testTypeVariableBean 424151220117 672217693 80370258024 237024563292 0 675820725 54221538117 177696 
com.alibaba.json.bvt.issue_1300.Issue1367_jaxrs.testParameterizedTypeBean 418558599411 641857683 79327718903 225383661971 0 657470119 51976738485 160938 
com.alibaba.json.bvt.issue_1300.Issue1367_jaxrs.testTypeVariableBean 418665078329 643351668 79346764921 225564321554 0 658379500 52091668136 160943 
com.alibaba.json.bvt.issue_1300.Issue1367_jaxrs.testTypeVariableBean 6818389100 43066666 1291597117 6627185442 0 37231521 3546041614 49285 
com.alibaba.json.bvt.issue_1300.Issue1367_jaxrs.testParameterizedTypeBean 6914727724 44306918 1308808003 6776679541 0 38025755 3650870280 50204 
com.alibaba.json.bvt.issue_1300.Issue1367_jaxrs.testTypeVariableBean 6373488551 40560717 1213927367 6995960740 0 35587437 3846216288 42458 
com.alibaba.json.bvt.issue_1300.Issue1367_jaxrs.testParameterizedTypeBean 6481730835 41720361 1233352426 7129122270 0 36395026 3939038660 42470 
com.alibaba.json.bvt.issue_1300.Issue1367_jaxrs.testParameterizedTypeBean 440006941521 610620141 82909273263 226195272029 0 638969228 52675811497 113991 
com.alibaba.json.bvt.issue_1300.Issue1367_jaxrs.testTypeVariableBean 440097103959 611687648 82925386599 226320077616 0 639612387 52753318841 114000 
com.alibaba.json.bvt.issue_1300.Issue1367_jaxrs.testParameterizedTypeBean 419445922865 694121464 79180384625 220684604382 0 582938233 53792388136 142055 
com.alibaba.json.bvt.issue_1300.Issue1367_jaxrs.testTypeVariableBean 419554383765 695590562 79199799883 220882729625 0 583923516 53919550860 142064 
com.alibaba.json.bvt.issue_1300.Issue1367_jaxrs.testParameterizedTypeBean 2113813428 13768883 410054353 2599970752 0 13929483 1416687118 7044 
com.alibaba.json.bvt.issue_1300.Issue1367_jaxrs.testTypeVariableBean 2233117167 15269386 431438408 2782120041 0 15018062 1530953369 7054 
com.alibaba.json.bvt.issue_1300.Issue1367_jaxrs.testTypeVariableBean 4956746307 30613652 947754250 5408010131 0 27994590 2906501109 41281 
com.alibaba.json.bvt.issue_1300.Issue1367_jaxrs.testParameterizedTypeBean 5098699380 32322478 973295603 5613574313 0 29294962 3044351673 41300 
com.alibaba.json.bvt.issue_1300.Issue1367_jaxrs.testParameterizedTypeBean 430177975413 584296922 80889403538 223345130214 0 619639181 51146661598 125885 
com.alibaba.json.bvt.issue_1300.Issue1367_jaxrs.testTypeVariableBean 430272104550 585323033 80906195088 223454576742 0 620286550 51227393613 125897 
com.alibaba.json.bvt.issue_1300.Issue1367_jaxrs.testTypeVariableBean 3769617388 20688581 729665803 3693348927 0 22356201 1575709291 35738 
com.alibaba.json.bvt.issue_1300.Issue1367_jaxrs.testParameterizedTypeBean 3916563596 22305970 756103134 3874520761 0 23623719 1696414798 35762 
com.alibaba.json.bvt.issue_1300.Issue1367_jaxrs.testParameterizedTypeBean 4170969891 29469641 789528063 5752423311 0 23108079 3332510915 10862 
com.alibaba.json.bvt.issue_1300.Issue1367_jaxrs.testTypeVariableBean 4288882235 30762241 810749918 5896291870 0 24059674 3431296771 11803 
com.alibaba.json.bvt.issue_1300.Issue1367_jaxrs.testTypeVariableBean 427740602913 548056930 81307953017 217506367384 0 592747511 52095695344 272343 
com.alibaba.json.bvt.issue_1300.Issue1367_jaxrs.testParameterizedTypeBean 427847392721 549231001 81327190331 217644432626 0 593544702 52190008843 272357 
com.alibaba.json.bvt.issue_1300.Issue1367_jaxrs.testParameterizedTypeBean 1347434580 8213336 262410240 1550126939 0 9211960 847298969 9820 
com.alibaba.json.bvt.issue_1300.Issue1367_jaxrs.testTypeVariableBean 1498023722 9996780 289418546 1751891819 0 10589510 983327085 11793 
com.alibaba.json.bvt.issue_1300.Issue1367_jaxrs.testParameterizedTypeBean 3951877721 22482738 762720902 4389041759 0 23984785 2066465919 38214 
com.alibaba.json.bvt.issue_1300.Issue1367_jaxrs.testTypeVariableBean 4096421506 24423348 788721504 4644212474 0 25286305 2236263900 38229 
com.alibaba.json.bvt.issue_1300.Issue1367_jaxrs.testParameterizedTypeBean 5552569035 30367693 1070900639 5621325558 0 30776985 2687535804 43735 
com.alibaba.json.bvt.issue_1300.Issue1367_jaxrs.testTypeVariableBean 5694308580 32226625 1096458501 5862490644 0 32197087 2827925490 43758 
com.alibaba.json.bvt.issue_1300.Issue1367_jaxrs.testTypeVariableBean 8088763237 54677115 1504588675 8218818276 0 38156363 5041938896 28308 
com.alibaba.json.bvt.issue_1300.Issue1367_jaxrs.testParameterizedTypeBean 8176272332 55627314 1520278166 8320968150 0 38724081 5104131653 28315 
