com.alibaba.json.bvt.Bug89.testBug89 426791165338 729701310 80726762822 237464089339 0 651898588 60202121699 168009 
com.alibaba.json.bvt.Bug89.testBug89 430334423122 724621554 81515276143 245937549300 0 703064276 60268075609 178694 
com.alibaba.json.bvt.Bug89.testBug89 424874908551 688806994 80497142128 232024791168 0 683716072 56227281486 161929 
com.alibaba.json.bvt.Bug89.testBug89 8915417651 61409417 1679172270 9445428470 0 46957531 5460655577 50465 
com.alibaba.json.bvt.Bug89.testBug89 426263943369 603584893 80055269705 221687114476 0 607860413 53423941294 168978 
com.alibaba.json.bvt.Bug89.testBug89 5231954258 35246600 983756228 5365251811 0 27769082 2800171286 18690 
com.alibaba.json.bvt.Bug89.testBug89 425714186676 741749953 80337418815 227892691794 0 609141804 58911350312 143050 
com.alibaba.json.bvt.Bug89.testBug89 5283781390 36485101 995435914 6062086670 0 27976780 3615584122 20789 
com.alibaba.json.bvt.Bug89.testBug89 4795869424 33982778 905728424 5489055115 0 26788342 3343232177 20004 
com.alibaba.json.bvt.Bug89.testBug89 429110290397 606305203 80639685133 222723669568 0 636992808 54007065033 170886 
com.alibaba.json.bvt.Bug89.testBug89 430026895766 582852776 80861809972 223163917036 0 618597275 51028490422 125855 
com.alibaba.json.bvt.Bug89.testBug89 60958840 87791 11990273 36738496 0 194199 7206936 248 
com.alibaba.json.bvt.Bug89.testBug89 429288962005 557629283 79633843300 226592567705 0 607102998 52981111552 139173 
com.alibaba.json.bvt.Bug89.testBug89 424929850677 527747207 80779470467 214274939092 0 579086096 50067759778 271174 
com.alibaba.json.bvt.Bug89.testBug89 418827718366 638952632 78320618412 214846000440 0 596516820 51892193847 445292 
com.alibaba.json.bvt.Bug89.testBug89 430505408589 693626338 80974385836 224234717592 0 609138066 56323728087 137977 
com.alibaba.json.bvt.Bug89.testBug89 423498090239 564671760 80427326753 219087057939 0 619173012 52185255765 196672 
com.alibaba.json.bvt.Bug89.testBug89 8186370429 55693500 1522218608 8335419381 0 38810090 5111697247 28329 
