com.alibaba.json.bvt.issue_2000.Issue2065.test_for_issue_02 426140784932 724407081 80607271790 236671951587 0 650201902 59729723131 167980 
com.alibaba.json.bvt.issue_2000.Issue2065.test_for_issue_03 426144852916 724440547 80608031622 236678552189 0 650230044 59733512718 167984 
com.alibaba.json.bvt.issue_2000.Issue2065.test_for_issue_02 429716215083 719420225 81401901954 245030526065 0 701201539 59604532381 178656 
com.alibaba.json.bvt.issue_2000.Issue2065.test_for_issue_03 429720259581 719453607 81402660786 245038556112 0 701230362 59610500058 178660 
com.alibaba.json.bvt.issue_2000.Issue2065.test_for_issue_02 424232033385 684632115 80378927734 231432705402 0 681985451 55811463392 161897 
com.alibaba.json.bvt.issue_2000.Issue2065.test_for_issue_03 424236082803 684659448 80379685673 231437548100 0 682013882 55814504687 161900 
com.alibaba.json.bvt.issue_2000.Issue2065.test_for_issue_02 423355465571 574853984 80008497324 224258179882 0 649131934 52345954191 160191 
com.alibaba.json.bvt.issue_2000.Issue2065.test_for_issue_03 423359517579 574883564 80009253394 224264253125 0 649161818 52348766643 160193 
com.alibaba.json.bvt.issue_2000.Issue2065.test_for_issue_03 424106992780 588003762 79655224493 219618654697 0 599498685 52019026785 168711 
com.alibaba.json.bvt.issue_2000.Issue2065.test_for_issue_02 424107736914 588013364 79655358371 219620356520 0 599505196 52020317820 168711 
com.alibaba.json.bvt.issue_2000.Issue2065.test_for_issue_02 438640368066 600306650 82659046596 224776520950 0 633694575 51713377825 113867 
com.alibaba.json.bvt.issue_2000.Issue2065.test_for_issue_03 438644128819 600331615 82659760848 224780738055 0 633719977 51716026910 113869 
com.alibaba.json.bvt.issue_2000.Issue2065.test_for_issue_02 425080705523 737617158 80221355917 227357629022 0 607519937 58523683514 143016 
com.alibaba.json.bvt.issue_2000.Issue2065.test_for_issue_03 425084642820 737642811 80222095555 227361986019 0 607547245 58526305034 143018 
com.alibaba.json.bvt.issue_2000.Issue2065.test_for_issue_03 5822582731 41049332 1091706798 6553054119 0 30724279 4034789132 20092 
com.alibaba.json.bvt.issue_2000.Issue2065.test_for_issue_02 5823409450 41056518 1091854222 6554418913 0 30730322 4035625823 20092 
com.alibaba.json.bvt.issue_2000.Issue2065.test_for_issue_02 425865888533 585873222 80034767285 219540173260 0 622757837 52262479749 169587 
com.alibaba.json.bvt.issue_2000.Issue2065.test_for_issue_03 425870033521 585901803 80035543443 219544264263 0 622787453 52264294666 169589 
com.alibaba.json.bvt.issue_2000.Issue2065.test_for_issue_02 5045289574 37115760 948425485 6143140981 0 28433491 3622779832 19003 
com.alibaba.json.bvt.issue_2000.Issue2065.test_for_issue_03 5053370413 37152270 949929495 6151583285 0 28476593 3628191422 19007 
com.alibaba.json.bvt.issue_2000.Issue2065.test_for_issue_02 3939076531 22516962 760186572 3903995499 0 23788933 1710567866 35767 
com.alibaba.json.bvt.issue_2000.Issue2065.test_for_issue_03 3948085110 22557854 761849705 3912659796 0 23842691 1714752088 35770 
com.alibaba.json.bvt.issue_2000.Issue2065.test_for_issue_02 1374632931 8130532 260101105 1678141408 0 7083215 966733510 5078 
com.alibaba.json.bvt.issue_2000.Issue2065.test_for_issue_03 1383835215 8177037 261795462 1691051956 0 7132857 973625710 5082 
com.alibaba.json.bvt.issue_2000.Issue2065.test_for_issue_03 427127163664 542049885 81195806402 216653869967 0 589185233 51530189850 272244 
com.alibaba.json.bvt.issue_2000.Issue2065.test_for_issue_02 427127945047 542055268 81195945721 216654868162 0 589190180 51530994360 272244 
com.alibaba.json.bvt.issue_2000.Issue2065.test_for_issue_02 423744515697 680038731 79228106566 221059244292 0 616275865 56210457356 445892 
com.alibaba.json.bvt.issue_2000.Issue2065.test_for_issue_03 423748761424 680065563 79228915690 221064274796 0 616303065 56213981759 445893 
com.alibaba.json.bvt.issue_2000.Issue2065.test_for_issue_03 4914804878 31072111 941026345 5791683465 0 29859988 2952775422 38448 
com.alibaba.json.bvt.issue_2000.Issue2065.test_for_issue_02 4915645762 31079153 941174661 5793073557 0 29866229 2953563795 38448 
com.alibaba.json.bvt.issue_2000.Issue2065.test_for_issue_03 1458923253 6280912 281864031 1273501089 0 6934191 525021572 11841 
com.alibaba.json.bvt.issue_2000.Issue2065.test_for_issue_02 1459839558 6287596 282022007 1274617710 0 6940393 525895715 11858 
com.alibaba.json.bvt.issue_2000.Issue2065.test_for_issue_02 3258200267 20540422 622622551 3575472672 0 18930639 1980304691 16571 
com.alibaba.json.bvt.issue_2000.Issue2065.test_for_issue_03 3267389609 20585492 624338143 3585968231 0 18978544 1985917432 16574 
