com.alibaba.json.bvt.issue_1300.Issue1341.test 420057654655 673867407 79480967582 228865872381 0 622613477 54676730373 166989 
com.alibaba.json.bvt.issue_1300.Issue1341.test 423777555653 667822412 80303113205 236516956578 0 672560939 53904363474 177663 
com.alibaba.json.bvt.issue_1300.Issue1341.test 418292546230 638389027 79279792678 224933865455 0 654925766 51709687258 160907 
com.alibaba.json.bvt.issue_1300.Issue1341.test 5674760986 33464963 1084919719 5370194897 0 30780091 2668260724 43488 
com.alibaba.json.bvt.issue_1300.Issue1341.test 424206025558 589317142 79673052055 219804086131 0 600316951 52143469314 168725 
com.alibaba.json.bvt.issue_1300.Issue1341.test 437267669541 593260130 82394517811 223652581134 0 627770949 51171042470 112876 
com.alibaba.json.bvt.issue_1300.Issue1341.test 419176032796 691229204 79131794799 220328173244 0 580662193 53536032579 142013 
com.alibaba.json.bvt.issue_1300.Issue1341.test 1965861162 11826736 383335541 2337819477 0 12557408 1253407283 7017 
com.alibaba.json.bvt.issue_1300.Issue1341.test 429023187848 606147252 80625728895 222653808410 0 636718368 53995175347 170883 
com.alibaba.json.bvt.issue_1300.Issue1341.test 1899297072 11482598 371527024 2169421836 0 12410441 1103589901 6672 
com.alibaba.json.bvt.issue_1300.Issue1341.test 432231069118 615529310 81980897859 221117041724 0 628050499 53794487163 125431 
com.alibaba.json.bvt.issue_1300.Issue1341.test 429288472320 557623252 79633752075 226591559094 0 607097992 52980166426 139173 
com.alibaba.json.bvt.issue_1300.Issue1341.test 427335955296 544603609 81234115228 217016710615 0 590921798 51769836014 272314 
com.alibaba.json.bvt.issue_1300.Issue1341.test 421900029545 666359602 78886805286 219073268596 0 609555499 54752208742 445664 
com.alibaba.json.bvt.issue_1300.Issue1341.test 430610570961 694695976 80993330228 224353683157 0 609791764 56410019104 137990 
com.alibaba.json.bvt.issue_1300.Issue1341.test 426251392087 584208055 80936426452 221945929603 0 629954606 53990981774 197164 
com.alibaba.json.bvt.issue_1300.Issue1341.test 5950442235 39946259 1114154839 6165488154 0 29634437 3729218815 27996 
