com.alibaba.json.bvt.issue_1600.Issue1612.test 426797597132 729759485 80727956148 237476149104 0 651937290 60211099700 168011 
com.alibaba.json.bvt.issue_1600.Issue1612.test 430340702660 724678324 81516429782 245950593359 0 703105300 60278410934 178696 
com.alibaba.json.bvt.issue_1600.Issue1612.test 424881199613 688855832 80498298651 232033212970 0 683754998 56234149187 161931 
com.alibaba.json.bvt.issue_1600.Issue1612.test 424719602456 583466505 80255051790 225677296918 0 653269410 53325494130 160278 
com.alibaba.json.bvt.issue_1600.Issue1612.test 3269967927 19788580 628063905 3818949886 0 18796727 1994079436 34686 
com.alibaba.json.bvt.issue_1600.Issue1612.test 437271695087 593294469 82395274183 223656716048 0 627798054 51173236676 112878 
com.alibaba.json.bvt.issue_1600.Issue1612.test 425720279899 741798852 80338537459 227900721133 0 609178587 58917788712 143052 
com.alibaba.json.bvt.issue_1600.Issue1612.test 5830310759 41123887 1093125599 6567733485 0 30793519 4044992823 20095 
com.alibaba.json.bvt.issue_1600.Issue1612.test 429220671801 607233407 80659998089 222846842628 0 637521461 54094197505 170896 
com.alibaba.json.bvt.issue_1600.Issue1612.test 428511183668 575719091 80572073805 221920436871 0 612234914 50441942888 124831 
com.alibaba.json.bvt.issue_1600.Issue1612.test 4483108902 27078708 859842657 4521600697 0 26603350 2111785063 35829 
com.alibaba.json.bvt.issue_1600.Issue1612.test 4292953978 30799292 811503308 5902589802 0 24088153 3437012907 11915 
com.alibaba.json.bvt.issue_1600.Issue1612.test 426534741815 537404006 81086747409 215999950615 0 586661847 51037933369 272156 
com.alibaba.json.bvt.issue_1600.Issue1612.test 423889393109 680183070 79249737572 221124754780 0 616438559 56231407315 445898 
com.alibaba.json.bvt.issue_1600.Issue1612.test 5319807940 35052202 1014260388 6329017689 0 32721028 3314196749 38512 
com.alibaba.json.bvt.issue_1600.Issue1612.test 426163436747 583074613 80920661322 221806392070 0 629352566 53896079704 197155 
com.alibaba.json.bvt.issue_1600.Issue1612.test 3272712024 20626114 625338994 3592966678 0 19016307 1990987958 16578 
