com.alibaba.json.bvt.issue_1700.Issue1701.testBean 426496801115 727363926 80672872021 237113182675 0 651197779 59993501564 168003 
com.alibaba.json.bvt.issue_1700.Issue1701.testBean 430049026970 722468129 81463001924 245537763587 0 702265761 59990281417 178686 
com.alibaba.json.bvt.issue_1700.Issue1701.testBean 424579274103 686965329 80442859067 231778363152 0 683014841 56055682440 161925 
com.alibaba.json.bvt.issue_1700.Issue1701.testBean 424541539985 583230663 80226734344 225548153872 0 653052227 53285518524 160272 
com.alibaba.json.bvt.issue_1700.Issue1701.testBean 6253181946 39300353 1192200843 6845731778 0 34647835 3733147321 42435 
com.alibaba.json.bvt.issue_1700.Issue1701.testBean 278190389 1102924 54744395 225947455 0 1321823 83289950 3979 
com.alibaba.json.bvt.issue_1700.Issue1701.testBean 425422915766 739882672 80284121545 227655570218 0 608472696 58740283393 143044 
com.alibaba.json.bvt.issue_1700.Issue1701.testBean 281080218 1244250 55482699 290578437 0 1388632 132844264 3974 
com.alibaba.json.bvt.issue_1700.Issue1701.testBean 5792212480 40821355 1086178303 6518052907 0 30553857 4015663502 20084 
com.alibaba.json.bvt.issue_1700.Issue1701.testBean 3646701985 22320245 691576805 3887380188 0 19102930 2133344278 39406 
com.alibaba.json.bvt.issue_1700.Issue1701.testBean 2825378346 17364038 545464433 3138144708 0 17240588 1650341340 7124 
com.alibaba.json.bvt.issue_1700.Issue1701.testBean 4351885953 25532299 836211815 4334280529 0 25467257 1986116876 35806 
com.alibaba.json.bvt.issue_1700.Issue1701.testBean 2873873783 19079086 538342873 3822495897 0 13767302 2321211127 6144 
com.alibaba.json.bvt.issue_1700.Issue1701.testBean 424929097847 527739702 80779335536 214273801146 0 579079804 50066807694 271174 
com.alibaba.json.bvt.issue_1700.Issue1701.testBean 421694780368 664046042 78849412532 218762889325 0 608310776 54536053040 445637 
com.alibaba.json.bvt.issue_1700.Issue1701.testBean 2530586084 13465939 486442165 2648907923 0 14216153 1242620911 30713 
com.alibaba.json.bvt.issue_1700.Issue1701.testBean 6438034530 37228121 1235047502 6731064895 0 35956899 3303997085 44070 
com.alibaba.json.bvt.issue_1700.Issue1701.testBean 4086102279 26276681 774721182 4389192380 0 21788943 2570821664 22684 
