com.alibaba.json.bvt.issue_1300.Issue1367.testParameterizedTypeBean 418743228515 665151942 79224046583 227053935305 0 613238548 53638668516 165531 
com.alibaba.json.bvt.issue_1300.Issue1367.testTypeVariableBean 418762589976 665388895 79227657171 227097478904 0 613409629 53679142302 165532 
com.alibaba.json.bvt.issue_1300.Issue1367.testParameterizedTypeBean 422472368419 659599018 80047900207 235144808864 0 663661677 53299289492 176193 
com.alibaba.json.bvt.issue_1300.Issue1367.testTypeVariableBean 422491125666 659809507 80051370175 235168765342 0 663817376 53315114321 176194 
com.alibaba.json.bvt.issue_1300.Issue1367.testParameterizedTypeBean 416985316186 630012393 79024128883 223370833919 0 645734866 50926341766 159439 
com.alibaba.json.bvt.issue_1300.Issue1367.testTypeVariableBean 417003818064 630240877 79027550729 223404377521 0 645906715 50951510696 159440 
com.alibaba.json.bvt.issue_1300.Issue1367.testParameterizedTypeBean 2407844742 12405155 463766000 2244686066 0 12946290 981461082 28690 
com.alibaba.json.bvt.issue_1300.Issue1367.testTypeVariableBean 2426611572 12616167 467220194 2269630944 0 13102134 999890205 29055 
com.alibaba.json.bvt.issue_1300.Issue1367.testTypeVariableBean 428331393220 615436396 80448431478 223479790981 0 616409747 54391550668 170012 
com.alibaba.json.bvt.issue_1300.Issue1367.testParameterizedTypeBean 428341179881 615547722 80450262999 223493809994 0 616474701 54404148337 170012 
com.alibaba.json.bvt.issue_1300.Issue1367.testParameterizedTypeBean 438621965647 600124030 82655602490 224750495961 0 633574948 51690297477 113863 
com.alibaba.json.bvt.issue_1300.Issue1367.testTypeVariableBean 438633512657 600262653 82657757986 224768079289 0 633652895 51707150410 113864 
com.alibaba.json.bvt.issue_1300.Issue1367.testParameterizedTypeBean 417866822910 682882665 78876097758 218756272520 0 571510350 52670561082 140530 
com.alibaba.json.bvt.issue_1300.Issue1367.testTypeVariableBean 417886834275 683084037 78879830063 218781799721 0 571663927 52690475467 140530 
com.alibaba.json.bvt.issue_1300.Issue1367.testTypeVariableBean 6641251727 46999338 1241902577 7315987564 0 33418810 4592644526 20122 
com.alibaba.json.bvt.issue_1300.Issue1367.testParameterizedTypeBean 6652328773 47123374 1243979422 7331515112 0 33490302 4606585908 20122 
com.alibaba.json.bvt.issue_1300.Issue1367.testParameterizedTypeBean 5433139985 35333598 1034500731 6043103247 0 30545570 3308254135 41306 
com.alibaba.json.bvt.issue_1300.Issue1367.testTypeVariableBean 5445204095 35537317 1036733402 6067983491 0 30651535 3329072006 41306 
com.alibaba.json.bvt.issue_1300.Issue1367.testTypeVariableBean 430015701093 582722230 80859723061 223147198219 0 618516445 51013405786 125855 
com.alibaba.json.bvt.issue_1300.Issue1367.testParameterizedTypeBean 430026253086 582846451 80861697231 223162986351 0 618592009 51027743644 125855 
com.alibaba.json.bvt.issue_1300.Issue1367.testTypeVariableBean 7491083715 47688417 1415898606 7782597310 0 39745778 4219906314 43411 
com.alibaba.json.bvt.issue_1300.Issue1367.testParameterizedTypeBean 7502180283 47844467 1417966805 7808103112 0 39845938 4240983725 43411 
com.alibaba.json.bvt.issue_1300.Issue1367.testTypeVariableBean 5936345771 39642196 1123377823 7670310252 0 31578880 4329372136 16936 
com.alibaba.json.bvt.issue_1300.Issue1367.testParameterizedTypeBean 5952486160 39839222 1126407793 7701766630 0 31728682 4355628665 16944 
com.alibaba.json.bvt.issue_1300.Issue1367.testTypeVariableBean 422657294120 511755825 80366906696 211596142212 0 570615622 48292169041 270872 
com.alibaba.json.bvt.issue_1300.Issue1367.testParameterizedTypeBean 422670571948 511918339 80369376892 211621887266 0 570728671 48316024748 270873 
com.alibaba.json.bvt.issue_1300.Issue1367.testParameterizedTypeBean 422261662178 669029599 78953641679 219446749175 0 610722177 54992552040 445713 
com.alibaba.json.bvt.issue_1300.Issue1367.testTypeVariableBean 422271550729 669174340 78955490414 219467270227 0 610802752 55007212450 445713 
com.alibaba.json.bvt.issue_1300.Issue1367.testTypeVariableBean 432025878819 704577726 81255923833 225825832544 0 614860818 57398146864 138192 
com.alibaba.json.bvt.issue_1300.Issue1367.testParameterizedTypeBean 432035597052 704703613 81257727419 225847671131 0 614933862 57416811359 138192 
com.alibaba.json.bvt.issue_1300.Issue1367.testParameterizedTypeBean 424612865375 571837326 80637178193 220216409120 0 623579046 52897565662 197059 
com.alibaba.json.bvt.issue_1300.Issue1367.testTypeVariableBean 424622062436 571946628 80638906125 220230497892 0 623644431 52910861775 197059 
com.alibaba.json.bvt.issue_1300.Issue1367.testParameterizedTypeBean 6262683389 42010880 1171254015 6442700808 0 30450876 3929256862 28002 
com.alibaba.json.bvt.issue_1300.Issue1367.testTypeVariableBean 6274953903 42154656 1173541149 6463561945 0 30542107 3948674423 28003 
