com.querydsl.sql.TeradataTemplatesTest.limit_offset 3216122698 11075082 622500997 2429513122 0 16100432 825361119 17600 
com.querydsl.sql.TeradataTemplatesTest.offset 3218748529 11083339 622982526 2431108551 0 16110373 825810699 17600 
com.querydsl.sql.TeradataTemplatesTest.orderBy_limit 3221390706 11092629 623469483 2432763211 0 16120679 826313404 17601 
com.querydsl.sql.TeradataTemplatesTest.limit 3224004475 11100690 623947360 2434295367 0 16129993 826682395 17601 
com.querydsl.sql.TeradataTemplatesTest.precedence 3226722468 11107496 624451663 2435769739 0 16137959 827004632 17601 
com.querydsl.sql.TeradataTemplatesTest.booleanTemplate 3229612085 11119020 624981333 2437635960 0 16149293 827653030 17601 
com.querydsl.sql.TeradataTemplatesTest.noFrom 3232203372 11126467 625457777 2439098220 0 16157908 828004907 17601 
com.querydsl.sql.TeradataTemplatesTest.innerJoin 3234909993 11134891 625954258 2440675298 0 16167125 828406841 17601 
com.querydsl.sql.TeradataTemplatesTest.arithmetic 3239951086 11162624 626868762 2444108158 0 16186425 829784311 17601 
com.querydsl.sql.TeradataTemplatesTest.generic_precedence 3245202949 11174358 627829830 2447267505 0 16200111 830656080 17602 
com.querydsl.sql.TeradataTemplatesTest.in 3248083867 11185042 628357864 2449181615 0 16211637 831331682 17602 
com.querydsl.sql.TeradataTemplatesTest.union 3250781054 11194732 628851930 2450905257 0 16222563 831882454 17602 
com.querydsl.sql.TeradataTemplatesTest.arithmetic 2803248490 11405435 542614675 2568085905 0 16084196 845705172 19276 
com.querydsl.sql.TeradataTemplatesTest.offset 2806769249 11416821 543255025 2570496419 0 16100194 846614767 19276 
com.querydsl.sql.TeradataTemplatesTest.booleanTemplate 2810648229 11431350 543957060 2573332974 0 16116822 847863951 19276 
com.querydsl.sql.TeradataTemplatesTest.in 2814095779 11444013 544584901 2575935125 0 16132140 849083415 19276 
com.querydsl.sql.TeradataTemplatesTest.noFrom 2817399085 11454513 545186302 2578238364 0 16145466 850052230 19276 
com.querydsl.sql.TeradataTemplatesTest.orderBy_limit 2820617812 11465392 545773738 2580520154 0 16159763 851078441 19276 
com.querydsl.sql.TeradataTemplatesTest.generic_precedence 2825922356 11476484 546747592 2583603483 0 16174854 851961755 19276 
com.querydsl.sql.TeradataTemplatesTest.precedence 2829237004 11485045 547358045 2585616354 0 16187710 852510261 19276 
com.querydsl.sql.TeradataTemplatesTest.limit_offset 2832438138 11495155 547942345 2587729039 0 16201532 853190396 19276 
com.querydsl.sql.TeradataTemplatesTest.union 2836121784 11508598 548614514 2590351811 0 16217647 854270326 19276 
com.querydsl.sql.TeradataTemplatesTest.limit 2839357002 11518605 549205589 2592457494 0 16232167 854881657 19276 
com.querydsl.sql.TeradataTemplatesTest.innerJoin 2842687509 11529372 549811773 2594647028 0 16245867 855637750 19276 
com.querydsl.sql.TeradataTemplatesTest.arithmetic 2801393314 11051685 542514230 2530322889 0 15898441 832827328 19505 
com.querydsl.sql.TeradataTemplatesTest.offset 2804929470 11062835 543156905 2532835859 0 15914389 833855718 19505 
com.querydsl.sql.TeradataTemplatesTest.booleanTemplate 2808752300 11076955 543850050 2535506118 0 15930999 834943718 19505 
com.querydsl.sql.TeradataTemplatesTest.in 2812415944 11089028 544510943 2537996431 0 15947101 835832207 19505 
com.querydsl.sql.TeradataTemplatesTest.noFrom 2815939055 11099051 545147401 2540213872 0 15961151 836522333 19505 
com.querydsl.sql.TeradataTemplatesTest.orderBy_limit 2819444452 11109967 545782106 2542593961 0 15976167 837472092 19505 
com.querydsl.sql.TeradataTemplatesTest.generic_precedence 2826085861 11121026 546976860 2546263351 0 15992312 838431846 19505 
com.querydsl.sql.TeradataTemplatesTest.precedence 2829550060 11130091 547613318 2548546301 0 16006517 839167061 19505 
com.querydsl.sql.TeradataTemplatesTest.limit_offset 2832743841 11140007 548195772 2550711884 0 16020610 839944764 19505 
com.querydsl.sql.TeradataTemplatesTest.union 2836378741 11152797 548858738 2553277809 0 16036667 840989288 19505 
com.querydsl.sql.TeradataTemplatesTest.limit 2839626146 11162741 549451280 2555409016 0 16051259 841635073 19505 
com.querydsl.sql.TeradataTemplatesTest.innerJoin 2842927954 11173317 550052423 2557622976 0 16066095 842390920 19505 
com.querydsl.sql.TeradataTemplatesTest.limit_offset 3211216578 11536211 621401412 2501382750 0 16184022 865196131 17844 
com.querydsl.sql.TeradataTemplatesTest.offset 3214112026 11545495 621928863 2503153036 0 16194196 865710334 17844 
com.querydsl.sql.TeradataTemplatesTest.orderBy_limit 3216995493 11555647 622456645 2504932546 0 16204483 866261170 17844 
com.querydsl.sql.TeradataTemplatesTest.limit 3219805448 11564550 622970356 2506567153 0 16213634 866678854 17844 
com.querydsl.sql.TeradataTemplatesTest.precedence 3222681378 11572457 623503416 2508177481 0 16221950 867048746 17844 
com.querydsl.sql.TeradataTemplatesTest.booleanTemplate 3225711126 11585255 624059814 2510179179 0 16233350 867788254 17844 
com.querydsl.sql.TeradataTemplatesTest.noFrom 3228506100 11594499 624572950 2511871884 0 16242736 868271208 17844 
com.querydsl.sql.TeradataTemplatesTest.innerJoin 3231403591 11604161 625113443 2513595446 0 16252568 868761998 17844 
com.querydsl.sql.TeradataTemplatesTest.arithmetic 3236499029 11632721 626037885 2517126304 0 16272068 870247937 17844 
com.querydsl.sql.TeradataTemplatesTest.generic_precedence 3242074417 11646648 627063778 2520490886 0 16286213 871267038 17844 
com.querydsl.sql.TeradataTemplatesTest.in 3245088101 11658405 627616309 2522523113 0 16298052 872034613 17844 
com.querydsl.sql.TeradataTemplatesTest.union 3247873287 11669322 628126317 2524337103 0 16309009 872665883 17844 
com.querydsl.sql.TeradataTemplatesTest.limit_offset 3238372193 11458778 626620259 2489227919 0 16213299 870423261 17671 
com.querydsl.sql.TeradataTemplatesTest.offset 3241060916 11467932 627111855 2490973931 0 16223655 871058578 17671 
com.querydsl.sql.TeradataTemplatesTest.orderBy_limit 3243756945 11477839 627605929 2492691383 0 16234141 871691356 17671 
com.querydsl.sql.TeradataTemplatesTest.limit 3246382368 11486515 628086001 2494265837 0 16243591 872134197 17671 
com.querydsl.sql.TeradataTemplatesTest.precedence 3249150175 11493909 628598523 2495816529 0 16251919 872516202 17671 
com.querydsl.sql.TeradataTemplatesTest.booleanTemplate 3252040927 11505454 629127135 2497696280 0 16263296 873220934 17671 
com.querydsl.sql.TeradataTemplatesTest.noFrom 3254775158 11513739 629629150 2499282570 0 16272631 873628626 17671 
com.querydsl.sql.TeradataTemplatesTest.innerJoin 3257430594 11522129 630114734 2500810740 0 16281889 874032144 17671 
com.querydsl.sql.TeradataTemplatesTest.arithmetic 3262539818 11549566 631039361 2504254076 0 16301942 875406931 17671 
com.querydsl.sql.TeradataTemplatesTest.generic_precedence 3267682296 11560589 631974595 2507117483 0 16314591 876127373 17672 
com.querydsl.sql.TeradataTemplatesTest.in 3270422411 11570264 632475636 2508836059 0 16326031 876653948 17672 
com.querydsl.sql.TeradataTemplatesTest.union 3273172115 11579977 632977829 2510548417 0 16337192 877166528 17672 
com.querydsl.sql.TeradataTemplatesTest.limit_offset 3184528693 11218583 616881557 2465946113 0 16152723 870297171 17690 
com.querydsl.sql.TeradataTemplatesTest.offset 3187241673 11227091 617373916 2467623783 0 16162451 870807394 17690 
com.querydsl.sql.TeradataTemplatesTest.orderBy_limit 3190015952 11236530 617873580 2469328985 0 16172337 871373903 17690 
com.querydsl.sql.TeradataTemplatesTest.limit 3192711809 11244583 618360801 2470886877 0 16181063 871776024 17690 
com.querydsl.sql.TeradataTemplatesTest.precedence 3195566681 11251739 618882837 2472447674 0 16188647 872142315 17690 
com.querydsl.sql.TeradataTemplatesTest.booleanTemplate 3198461370 11263166 619407296 2474337418 0 16199723 872852776 17690 
com.querydsl.sql.TeradataTemplatesTest.noFrom 3201064134 11270925 619879026 2475843027 0 16208307 873253848 17690 
com.querydsl.sql.TeradataTemplatesTest.innerJoin 3203694017 11279050 620355231 2477362785 0 16217041 873677775 17690 
com.querydsl.sql.TeradataTemplatesTest.arithmetic 3208771470 11306940 621270875 2480861230 0 16236378 875162121 17690 
com.querydsl.sql.TeradataTemplatesTest.generic_precedence 3214320121 11319247 622283781 2484111666 0 16250053 876042504 17691 
com.querydsl.sql.TeradataTemplatesTest.in 3217225115 11329943 622811966 2486083840 0 16261772 876748364 17691 
com.querydsl.sql.TeradataTemplatesTest.union 3219954069 11339717 623304087 2487857856 0 16272564 877362583 17691 
com.querydsl.sql.TeradataTemplatesTest.arithmetic 2841860967 10053899 549571852 2222099813 0 15408756 749985666 19390 
com.querydsl.sql.TeradataTemplatesTest.offset 2845531712 10065826 550241907 2224821141 0 15425634 751024081 19391 
com.querydsl.sql.TeradataTemplatesTest.booleanTemplate 2849365083 10080093 550933948 2227593343 0 15442620 752194235 19391 
com.querydsl.sql.TeradataTemplatesTest.in 2853037484 10092446 551596801 2230257832 0 15459065 753229254 19391 
com.querydsl.sql.TeradataTemplatesTest.noFrom 2856514346 10103801 552227555 2232800666 0 15474192 754154619 19391 
com.querydsl.sql.TeradataTemplatesTest.orderBy_limit 2859770705 10115044 552820946 2235196831 0 15489332 755174110 19391 
com.querydsl.sql.TeradataTemplatesTest.generic_precedence 2865104496 10126016 553799305 2238337419 0 15504776 756041200 19391 
com.querydsl.sql.TeradataTemplatesTest.precedence 2868619486 10135671 554446303 2240640839 0 15518962 756701535 19391 
com.querydsl.sql.TeradataTemplatesTest.limit_offset 2871807461 10145617 555027275 2242794278 0 15533248 757329785 19391 
com.querydsl.sql.TeradataTemplatesTest.union 2875464630 10158653 555693826 2245371708 0 15549915 758256073 19391 
com.querydsl.sql.TeradataTemplatesTest.limit 2878630161 10168256 556270377 2247459942 0 15564224 758810910 19391 
com.querydsl.sql.TeradataTemplatesTest.innerJoin 2881949771 10179268 556874069 2249687918 0 15578534 759511135 19391 
com.querydsl.sql.TeradataTemplatesTest.offset 320771201355 413452729 59015034997 158114750482 0 144999183 38548241026 410809 
com.querydsl.sql.TeradataTemplatesTest.innerJoin 320774059661 413460894 59015565436 158116454103 0 145007410 38548819378 410809 
com.querydsl.sql.TeradataTemplatesTest.noFrom 320776719375 413468753 59016044118 158117965208 0 145014698 38549258730 410809 
com.querydsl.sql.TeradataTemplatesTest.precedence 320779481694 413475778 59016547898 158119495688 0 145022009 38549618424 410809 
com.querydsl.sql.TeradataTemplatesTest.generic_precedence 320783688427 413484161 59017311030 158121748638 0 145030606 38550171476 410809 
com.querydsl.sql.TeradataTemplatesTest.limit_offset 320786364367 413492358 59017794445 158123391132 0 145038876 38550707387 410810 
com.querydsl.sql.TeradataTemplatesTest.union 320789092180 413501851 59018285742 158125140361 0 145047587 38551401885 410810 
com.querydsl.sql.TeradataTemplatesTest.booleanTemplate 320791873540 413510744 59018785673 158126777737 0 145055536 38551903108 410810 
com.querydsl.sql.TeradataTemplatesTest.arithmetic 320795644372 413521066 59019458467 158128840619 0 145063393 38552506637 410810 
com.querydsl.sql.TeradataTemplatesTest.limit 320798219525 413528218 59019922419 158130281875 0 145070398 38552884317 410810 
com.querydsl.sql.TeradataTemplatesTest.orderBy_limit 320800865148 413536593 59020400070 158131873518 0 145078000 38553438905 410810 
com.querydsl.sql.TeradataTemplatesTest.in 320803568898 413544825 59020886925 158133447394 0 145085762 38553913620 410810 
