com.querydsl.sql.UnionBase.union2 318808052059 383043167 58259198536 163479500860 0 136875277 36162898946 375400 
com.querydsl.sql.UnionBase.union_multiple_columns2 318811008073 383068255 58259777330 163483987857 0 136900441 36164716862 375402 
com.querydsl.sql.UnionBase.union_all 318812594959 383084700 58260078337 163486274343 0 136915861 36165542602 375402 
com.querydsl.sql.UnionBase.union4 318814153831 383100572 58260375946 163488505290 0 136931113 36166334408 375402 
com.querydsl.sql.UnionBase.union_single_column_projections_iterate 318815746523 383116631 58260679419 163490789272 0 136946635 36167224200 375402 
com.querydsl.sql.UnionBase.union3 318817687584 383135130 58261046831 163493526994 0 136963692 36168228988 375402 
com.querydsl.sql.UnionBase.union_multiple_columns3 318819510433 383152957 58261393492 163496136310 0 136980872 36169129386 375402 
com.querydsl.sql.UnionBase.union_empty_result 318820993121 383168971 58261676329 163498311947 0 136996057 36169963603 375402 
com.querydsl.sql.UnionBase.union_multiple_columns 318822503342 383184767 58261964693 163500568301 0 137011785 36170805670 375402 
com.querydsl.sql.UnionBase.union 318824190945 383201243 58262285649 163502998888 0 137027009 36171698211 375402 
com.querydsl.sql.UnionBase.union_single_column_projections_list 318825643355 383214593 58262563338 163505052818 0 137041342 36172351799 375402 
com.querydsl.sql.UnionBase.union_clone 318834912061 383281959 58264443974 163518685624 0 137119982 36177021249 375416 
com.querydsl.sql.UnionBase.union_multi_column_projection_list 318836548791 383299070 58264756244 163521119644 0 137135721 36178083020 375416 
com.querydsl.sql.UnionBase.union_with_order 318838071524 383314443 58265047604 163523363526 0 137150819 36179012975 375416 
com.querydsl.sql.UnionBase.in_union 318839853343 383330649 58265385131 163525907345 0 137166282 36180038719 375416 
com.querydsl.sql.UnionBase.union_list 318841777017 383348515 58265740439 163528907417 0 137184854 36181295792 375417 
com.querydsl.sql.UnionBase.union_factoryExpression 318843303332 383367470 58266029751 163531204964 0 137200138 36182465665 375417 
com.querydsl.sql.UnionBase.union_multi_column_projection_iterate 318844869405 383390238 58266326942 163533420327 0 137214345 36183795766 375417 
com.querydsl.sql.UnionBase.union2 320075336971 432961226 58347444501 161361023445 0 144340481 38503253104 375403 
com.querydsl.sql.UnionBase.union_multiple_columns2 320078216816 432981950 58348007716 161364557427 0 144363185 38504885462 375405 
com.querydsl.sql.UnionBase.union_all 320079860306 432996683 58348319162 161366670938 0 144377665 38505872321 375405 
com.querydsl.sql.UnionBase.union4 320081408215 433010790 58348613788 161368684163 0 144391725 38506760371 375405 
com.querydsl.sql.UnionBase.union_single_column_projections_iterate 320082992383 433024327 58348915319 161370616374 0 144404509 38507580938 375405 
com.querydsl.sql.UnionBase.union3 320084823314 433039446 58349262453 161372877673 0 144419732 38508572304 375406 
com.querydsl.sql.UnionBase.union_multiple_columns3 320086556616 433055016 58349592346 161375100581 0 144434955 38509527738 375406 
com.querydsl.sql.UnionBase.union_empty_result 320088142525 433069503 58349893983 161377120964 0 144448590 38510400689 375406 
com.querydsl.sql.UnionBase.union_multiple_columns 320089696980 433083226 58350190300 161379080336 0 144461914 38511139985 375407 
com.querydsl.sql.UnionBase.union 320091432802 433097757 58350520295 161381192688 0 144475511 38512071494 375407 
com.querydsl.sql.UnionBase.union_single_column_projections_list 320092918781 433110907 58350802518 161383051694 0 144488014 38512845790 375407 
com.querydsl.sql.UnionBase.union_clone 320102845967 433169665 58352809077 161394305829 0 144560305 38518025451 375421 
com.querydsl.sql.UnionBase.union_multi_column_projection_list 320104528474 433184786 58353129755 161396526113 0 144574718 38519108871 375421 
com.querydsl.sql.UnionBase.union_with_order 320106033901 433198383 58353417126 161398458841 0 144587843 38519929052 375421 
com.querydsl.sql.UnionBase.in_union 320107991126 433213979 58353790374 161400821964 0 144602716 38520944955 375421 
com.querydsl.sql.UnionBase.union_list 320110045960 433230912 58354168975 161403501644 0 144620228 38522162153 375422 
com.querydsl.sql.UnionBase.union_factoryExpression 320111702186 433246769 58354483004 161405662251 0 144635250 38523079731 375422 
com.querydsl.sql.UnionBase.union_multi_column_projection_iterate 320113319268 433261171 58354790393 161407695883 0 144648528 38523896295 375422 
com.querydsl.sql.UnionBase.union2 321176123486 370640667 58292526418 159756316399 0 133657573 36561481142 369058 
com.querydsl.sql.UnionBase.union_multiple_columns2 321179356458 370662427 58293155756 159759892371 0 133681177 36563415273 369060 
com.querydsl.sql.UnionBase.union_all 321181024019 370675927 58293471033 159761640660 0 133695952 36564310503 369060 
com.querydsl.sql.UnionBase.union4 321182650013 370689659 58293779902 159763324443 0 133710022 36565134764 369060 
com.querydsl.sql.UnionBase.union_single_column_projections_iterate 321184252923 370702684 58294084024 159764916192 0 133723150 36565932856 369060 
com.querydsl.sql.UnionBase.union3 321186171445 370717483 58294445922 159766845285 0 133738481 36566838648 369060 
com.querydsl.sql.UnionBase.union_multiple_columns3 321188026693 370732684 58294796952 159768810359 0 133754818 36567780463 369060 
com.querydsl.sql.UnionBase.union_empty_result 321189795927 370747609 58295132135 159770720907 0 133769019 36568774754 369060 
com.querydsl.sql.UnionBase.union_multiple_columns 321191391330 370761311 58295435769 159772421441 0 133783380 36569586534 369060 
com.querydsl.sql.UnionBase.union 321193117038 370774890 58295762241 159774156683 0 133796905 36570505858 369060 
com.querydsl.sql.UnionBase.union_single_column_projections_list 321194608082 370788017 58296045705 159775724857 0 133809614 36571239391 369060 
com.querydsl.sql.UnionBase.union_clone 321204096251 370844850 58297966375 159786469552 0 133881244 36576421879 369074 
com.querydsl.sql.UnionBase.union_multi_column_projection_list 321205741916 370858619 58298278125 159788349032 0 133896018 36577636483 369074 
com.querydsl.sql.UnionBase.union_with_order 321207310370 370871904 58298576358 159789969677 0 133909193 36578517363 369074 
com.querydsl.sql.UnionBase.in_union 321209137100 370886165 58298921114 159791802252 0 133924409 36579388417 369074 
com.querydsl.sql.UnionBase.union_list 321211103419 370901623 58299283928 159794012305 0 133941767 36580506905 369075 
com.querydsl.sql.UnionBase.union_factoryExpression 321212653053 370915799 58299576229 159795694545 0 133956399 36581373099 369075 
com.querydsl.sql.UnionBase.union_multi_column_projection_iterate 321214249657 370928788 58299877975 159797262260 0 133969757 36582096076 369075 
com.querydsl.sql.UnionBase.union_single_column_projections_iterate 2885562085 7347592 577072324 1906484341 0 11590044 545460389 3282 
com.querydsl.sql.UnionBase.union_all 2886750045 7364543 577285744 1908556961 0 11609017 547093593 3282 
com.querydsl.sql.UnionBase.union_list 2888619148 7391190 577620487 1911499808 0 11641313 548817259 3284 
com.querydsl.sql.UnionBase.union_multi_column_projection_list 2895565523 7433160 579040619 1919060562 0 11695404 552698442 3292 
com.querydsl.sql.UnionBase.union_multi_column_projection_iterate 2897656045 7457571 579425508 1922101175 0 11722980 554559596 3292 
com.querydsl.sql.UnionBase.union3 2898782313 7473800 579625818 1923782064 0 11741657 555538504 3292 
com.querydsl.sql.UnionBase.in_union 2903765279 7508565 580620226 1929280251 0 11786131 558520089 3297 
com.querydsl.sql.UnionBase.union_multiple_columns 2905852838 7531239 580986885 1932315033 0 11809609 560322687 3297 
com.querydsl.sql.UnionBase.union_multiple_columns3 2910138242 7570981 581783907 1938931050 0 11857982 563572907 3298 
com.querydsl.sql.UnionBase.union 2914427974 7613481 582672079 1944336812 0 11906299 566714849 3302 
com.querydsl.sql.UnionBase.union2 2915515773 7629657 582866192 1946028555 0 11923850 567767786 3302 
com.querydsl.sql.UnionBase.union4 2921316341 7676487 583953578 1953018761 0 11985548 571352008 3307 
com.querydsl.sql.UnionBase.union_single_column_projections_list 2922382940 7692117 584143109 1954739600 0 12003385 572465617 3307 
com.querydsl.sql.UnionBase.union_factoryExpression 2935960826 7764655 586880935 1968907671 0 12109420 578215396 3333 
com.querydsl.sql.UnionBase.union_clone 2938672355 7794079 587362981 1972660570 0 12148346 580512579 3334 
com.querydsl.sql.UnionBase.union_empty_result 2940519106 7814715 587684184 1975327902 0 12173784 582173424 3336 
com.querydsl.sql.UnionBase.union_with_order 2942022571 7830103 587947189 1977228579 0 12193140 583170533 3336 
com.querydsl.sql.UnionBase.union_multiple_columns2 2944738692 7856555 588426512 1980611393 0 12230005 584947372 3336 
