com.querydsl.sql.MySQLTemplatesTest.generic_precedence 320740687793 394427464 58641525074 165320999504 0 152133097 36857053421 377550 
com.querydsl.sql.MySQLTemplatesTest.order_nullsFirst 320744396765 394439871 58642196426 165324847909 0 152147880 36858378897 377550 
com.querydsl.sql.MySQLTemplatesTest.precedence 320748141652 394450883 58642877306 165328404426 0 152161206 36859272396 377550 
com.querydsl.sql.MySQLTemplatesTest.booleanTemplate 320751856327 394465714 58643547651 165332259156 0 152176164 36860716342 377550 
com.querydsl.sql.MySQLTemplatesTest.innerJoin 320755575911 394479555 58644218833 165336015696 0 152189845 36862050054 377550 
com.querydsl.sql.MySQLTemplatesTest.union 320759239569 394492934 58644880328 165339835921 0 152204332 36863298077 377550 
com.querydsl.sql.MySQLTemplatesTest.noFrom 320762835894 394504922 58645528332 165343367077 0 152217132 36864221340 377550 
com.querydsl.sql.MySQLTemplatesTest.arithmetic 320766778378 394518278 58646237825 165347347015 0 152230231 36865383750 377550 
com.querydsl.sql.MySQLTemplatesTest.test 320773455363 394534692 58647437737 165353528757 0 152250920 36866915809 377550 
com.querydsl.sql.MySQLTemplatesTest.order_nullsLast 320777104535 394549252 58648097879 165357085636 0 152265333 36868157654 377550 
com.querydsl.sql.MySQLTemplatesTest.in 320781304006 394565282 58648863607 165361460837 0 152281890 36869735973 377550 
com.querydsl.sql.MySQLTemplatesTest.generic_precedence 322026340014 443930169 58732811245 163135789762 0 159261656 39214546032 377506 
com.querydsl.sql.MySQLTemplatesTest.order_nullsFirst 322030056924 443939034 58733482461 163138135193 0 159273324 39215540952 377506 
com.querydsl.sql.MySQLTemplatesTest.precedence 322033891141 443946654 58734179545 163140233054 0 159283892 39216076293 377506 
com.querydsl.sql.MySQLTemplatesTest.booleanTemplate 322037669629 443956173 58734859318 163142547673 0 159296427 39216883942 377506 
com.querydsl.sql.MySQLTemplatesTest.innerJoin 322041508221 443965517 58735551182 163144835643 0 159308701 39217569579 377506 
com.querydsl.sql.MySQLTemplatesTest.union 322045324147 443975358 58736238504 163147128737 0 159321570 39218271359 377506 
com.querydsl.sql.MySQLTemplatesTest.noFrom 322049002659 443983677 58736900196 163149202250 0 159333269 39218786139 377506 
com.querydsl.sql.MySQLTemplatesTest.arithmetic 322053103742 443993753 58737638256 163151621164 0 159345725 39219510271 377506 
com.querydsl.sql.MySQLTemplatesTest.test 322059879305 444004987 58738856589 163155351437 0 159364470 39220395826 377506 
com.querydsl.sql.MySQLTemplatesTest.order_nullsLast 322063507865 444013153 58739510257 163157439474 0 159374989 39221027439 377506 
com.querydsl.sql.MySQLTemplatesTest.in 322067234707 444022347 58740180996 163159659605 0 159386244 39221791098 377506 
com.querydsl.sql.MySQLTemplatesTest.generic_precedence 323132226483 382047470 58678938098 161600047346 0 148977446 37306430532 371155 
com.querydsl.sql.MySQLTemplatesTest.order_nullsFirst 323136062742 382061762 58679635026 161603893870 0 148991645 37307903422 371155 
com.querydsl.sql.MySQLTemplatesTest.precedence 323139920110 382073766 58680338439 161607477744 0 149004782 37308886060 371155 
com.querydsl.sql.MySQLTemplatesTest.booleanTemplate 323143804706 382088979 58681043593 161611429600 0 149019556 37310394833 371155 
com.querydsl.sql.MySQLTemplatesTest.innerJoin 323147487429 382102271 58681707407 161615052737 0 149032879 37311552746 371155 
com.querydsl.sql.MySQLTemplatesTest.union 323151210744 382116545 58682379624 161618783589 0 149046980 37312737073 371155 
com.querydsl.sql.MySQLTemplatesTest.noFrom 323154788318 382128887 58683023858 161622127090 0 149060109 37313683249 371155 
com.querydsl.sql.MySQLTemplatesTest.arithmetic 323158853515 382146121 58683756859 161626218315 0 149074585 37315113397 371155 
com.querydsl.sql.MySQLTemplatesTest.test 323165548658 382159367 58684959510 161630448534 0 149093228 37316270824 371155 
com.querydsl.sql.MySQLTemplatesTest.order_nullsLast 323169148722 382168386 58685608552 161632655441 0 149105008 37317012912 371155 
com.querydsl.sql.MySQLTemplatesTest.in 323172802018 382178380 58686267398 161634900161 0 149117218 37317916293 371155 
com.querydsl.sql.MySQLTemplatesTest.booleanTemplate 320716422111 413181486 59004982661 158072480019 0 144800903 38527096418 410806 
com.querydsl.sql.MySQLTemplatesTest.union 320719195802 413191379 59005483559 158074797723 0 144810531 38528581532 410806 
com.querydsl.sql.MySQLTemplatesTest.order_nullsLast 320721860859 413199545 59005966318 158076532663 0 144819011 38529282561 410806 
com.querydsl.sql.MySQLTemplatesTest.in 320724592213 413208272 59006458803 158078204791 0 144827481 38529880405 410806 
com.querydsl.sql.MySQLTemplatesTest.precedence 320727434217 413215173 59006980657 158079787045 0 144835221 38530263013 410806 
com.querydsl.sql.MySQLTemplatesTest.generic_precedence 320731737126 413223607 59007761401 158082111176 0 144844634 38530853600 410806 
com.querydsl.sql.MySQLTemplatesTest.order_nullsFirst 320734434394 413231465 59008249691 158083718952 0 144853110 38531291925 410806 
com.querydsl.sql.MySQLTemplatesTest.arithmetic 320737455107 413240176 59008793167 158085649086 0 144861496 38532026446 410806 
com.querydsl.sql.MySQLTemplatesTest.innerJoin 320740266408 413248493 59009300166 158087369488 0 144869618 38532634170 410806 
com.querydsl.sql.MySQLTemplatesTest.noFrom 320742943761 413256151 59009782705 158088894790 0 144876895 38533086161 410806 
com.querydsl.sql.MySQLTemplatesTest.test 320747601882 413266517 59010622037 158091448016 0 144888566 38533763360 410806 
