com.querydsl.sql.SelectOracleBase.connectByPrior 2766092156 11143853 535489084 2532141729 0 15852390 828105672 19265 
com.querydsl.sql.SelectOracleBase.connectByPrior3 2768064955 11161186 535856291 2534562518 0 15872500 829549220 19265 
com.querydsl.sql.SelectOracleBase.connectByPrior4 2770221492 11177633 536278507 2536779291 0 15891160 830588651 19265 
com.querydsl.sql.SelectOracleBase.sumOver 2776649524 11214842 537560193 2543175539 0 15933591 833626682 19270 
com.querydsl.sql.SelectOracleBase.connectByPrior2 2778587458 11230988 537922399 2545332786 0 15952288 834724166 19270 
com.querydsl.sql.SelectOracleBase.connectByPrior 2763852700 10789669 535324075 2493930587 0 15668445 814905013 19492 
com.querydsl.sql.SelectOracleBase.connectByPrior3 2765914910 10807079 535705199 2496292545 0 15688735 816180686 19492 
com.querydsl.sql.SelectOracleBase.connectByPrior4 2768173937 10823349 536142144 2498491904 0 15706923 817108468 19492 
com.querydsl.sql.SelectOracleBase.sumOver 2774660890 10861005 537434082 2504848608 0 15748884 820049804 19499 
com.querydsl.sql.SelectOracleBase.connectByPrior2 2776607206 10877353 537795312 2507010227 0 15767124 821188022 19499 
com.querydsl.sql.SelectOracleBase.connectByPrior 2803095199 9779501 542174990 2182364172 0 15164864 731240490 19377 
com.querydsl.sql.SelectOracleBase.connectByPrior3 2805661548 9800051 542644755 2185409497 0 15187124 732967180 19377 
com.querydsl.sql.SelectOracleBase.connectByPrior4 2808105935 9817599 543110925 2187969510 0 15206941 734085920 19377 
com.querydsl.sql.SelectOracleBase.sumOver 2814637644 9855926 544408757 2194758646 0 15249910 737338634 19384 
com.querydsl.sql.SelectOracleBase.connectByPrior2 2816534938 9871825 544759784 2196997002 0 15268072 738502968 19384 
com.querydsl.sql.SelectOracleBase.connectByPrior 320707793111 413136462 59003364832 158065397206 0 144760691 38523970131 410806 
com.querydsl.sql.SelectOracleBase.connectByPrior4 320709170513 413144766 59003627935 158066533774 0 144768079 38524407841 410806 
com.querydsl.sql.SelectOracleBase.connectByPrior2 320710610511 413153865 59003902899 158067764522 0 144775517 38524876419 410806 
com.querydsl.sql.SelectOracleBase.sumOver 320712184931 413163617 59004203409 158069113265 0 144784096 38525449702 410806 
com.querydsl.sql.SelectOracleBase.connectByPrior3 320713675449 413172370 59004487101 158070291813 0 144791406 38525872148 410806 
