com.querydsl.sql.SubqueriesBase.subQuery_alias 159583713 552372 30618942 127147822 0 731894 54795673 1625 
com.querydsl.sql.SubqueriesBase.subQuery_innerJoin 161833270 567066 31020078 129529807 0 746577 55991027 1647 
com.querydsl.sql.SubqueriesBase.subQuery_with_alias2 163908706 580001 31389153 131476439 0 758848 56839249 1670 
com.querydsl.sql.SubqueriesBase.scalarSubQueryInClause2 166035265 594623 31772213 133607363 0 772003 57736920 1694 
com.querydsl.sql.SubqueriesBase.subQueries 167968102 606810 32120932 135372793 0 783271 58473768 1717 
com.querydsl.sql.SubqueriesBase.subQuerySerialization2 173595279 633487 33246225 140498613 0 813237 60597644 1784 
com.querydsl.sql.SubqueriesBase.keys 300196473 914266 57044228 229208723 0 1398148 81468678 2492 
com.querydsl.sql.SubqueriesBase.subQuery_all 301780045 925434 57340199 231020615 0 1408582 82646445 2516 
com.querydsl.sql.SubqueriesBase.subQuery_any 303385173 936178 57630710 232621832 0 1418691 83470184 2541 
com.querydsl.sql.SubqueriesBase.subQuery_params 306435408 956208 58226356 236123703 0 1440418 85483367 2579 
com.querydsl.sql.SubqueriesBase.scalarSubQueryInClause 307872766 965157 58490753 237519200 0 1449653 86248064 2604 
com.querydsl.sql.SubqueriesBase.subQuery_with_alias 309609087 974620 58811634 238989713 0 1458575 86880713 2630 
com.querydsl.sql.SubqueriesBase.subQuery_rightJoin 311087974 983699 59085391 240297659 0 1467101 87454362 2656 
com.querydsl.sql.SubqueriesBase.list_in_query 312619732 993734 59367981 241748927 0 1476144 88219216 2684 
com.querydsl.sql.SubqueriesBase.subQuery_leftJoin 314101565 1002710 59641593 243077447 0 1484509 88802154 2710 
com.querydsl.sql.SubqueriesBase.subQuerySerialization 316500492 1014199 60075744 245282223 0 1497778 89821768 2740 
com.querydsl.sql.SubqueriesBase.subQuery_alias 344466220 1621176 67032201 343279099 0 1981778 113741341 3578 
com.querydsl.sql.SubqueriesBase.subQuery_innerJoin 346674633 1645303 67427330 346660669 0 2002140 115215716 3601 
com.querydsl.sql.SubqueriesBase.subQuery_with_alias2 348723696 1666980 67793708 349939804 0 2021839 116494906 3624 
com.querydsl.sql.SubqueriesBase.scalarSubQueryInClause2 350779559 1690382 68164743 353314402 0 2041865 117835015 3648 
com.querydsl.sql.SubqueriesBase.subQueries 352658739 1708893 68504900 356172466 0 2058846 118937452 3672 
com.querydsl.sql.SubqueriesBase.subQuerySerialization2 358197663 1743617 69617554 363819053 0 2098312 121503328 3740 
com.querydsl.sql.SubqueriesBase.subQuery_params 323563047355 403841986 59214465463 167274784509 0 159945836 37504745673 377811 
com.querydsl.sql.SubqueriesBase.subQuerySerialization2 323563554068 403849230 59214565532 167275535593 0 159949037 37505648151 377811 
com.querydsl.sql.SubqueriesBase.subQuery_alias 155706564 773742 30132539 173063860 0 867840 60517650 1619 
com.querydsl.sql.SubqueriesBase.subQuery_innerJoin 157735891 798056 30495885 176330907 0 885097 62009326 1642 
com.querydsl.sql.SubqueriesBase.subQuery_with_alias2 159623730 817206 30833718 179205984 0 901660 63112080 1665 
com.querydsl.sql.SubqueriesBase.scalarSubQueryInClause2 161501651 838376 31172588 182137596 0 917212 64317616 1688 
com.querydsl.sql.SubqueriesBase.subQueries 163274490 856488 31496001 184722065 0 930602 65383986 1713 
com.querydsl.sql.SubqueriesBase.subQuerySerialization2 168672872 891214 32584104 191684812 0 965121 67646321 1781 
com.querydsl.sql.SubqueriesBase.keys 290230932 1234538 55570322 309391048 0 1611091 90208895 2492 
com.querydsl.sql.SubqueriesBase.subQuery_all 291748155 1247579 55850440 311353571 0 1621848 91386101 2516 
com.querydsl.sql.SubqueriesBase.subQuery_any 293309797 1264705 56133919 313687987 0 1634174 92370480 2541 
com.querydsl.sql.SubqueriesBase.subQuery_params 296341390 1289148 56725711 318335065 0 1659995 94159995 2577 
com.querydsl.sql.SubqueriesBase.scalarSubQueryInClause 297770387 1300709 56988071 320276896 0 1670936 94867686 2603 
com.querydsl.sql.SubqueriesBase.subQuery_with_alias 299463481 1313693 57300461 322521697 0 1682783 95617309 2629 
com.querydsl.sql.SubqueriesBase.subQuery_rightJoin 300901859 1324705 57565986 324448287 0 1693307 96266327 2656 
com.querydsl.sql.SubqueriesBase.list_in_query 302395736 1336280 57840638 326541131 0 1704203 97057500 2683 
com.querydsl.sql.SubqueriesBase.subQuery_leftJoin 303938863 1347512 58125319 328538472 0 1714564 97705915 2710 
com.querydsl.sql.SubqueriesBase.subQuerySerialization 306390761 1361649 58568154 331712362 0 1730413 98704705 2740 
com.querydsl.sql.SubqueriesBase.subQuery_alias 158735605 628352 30450480 149190723 0 746828 60017369 1697 
com.querydsl.sql.SubqueriesBase.subQuery_innerJoin 160854799 640610 30827766 151318580 0 760469 61048530 1720 
com.querydsl.sql.SubqueriesBase.subQuery_with_alias2 162847955 651399 31182570 153110234 0 772084 61769505 1743 
com.querydsl.sql.SubqueriesBase.scalarSubQueryInClause2 164969070 663428 31565164 155045110 0 784806 62552538 1767 
com.querydsl.sql.SubqueriesBase.subQueries 167059478 675143 31942250 156915591 0 797157 63302130 1792 
com.querydsl.sql.SubqueriesBase.subQuerySerialization2 172874385 703661 33099511 162448357 0 828084 65655083 1859 
com.querydsl.sql.SubqueriesBase.keys 297294562 1000651 56540223 254299030 0 1418111 89318030 2568 
com.querydsl.sql.SubqueriesBase.subQuery_all 299244934 1012853 56892872 256508275 0 1430192 90673068 2592 
com.querydsl.sql.SubqueriesBase.subQuery_any 301067437 1024764 57224416 258460427 0 1441626 91633046 2617 
com.querydsl.sql.SubqueriesBase.subQuery_params 304302798 1044776 57846540 262265500 0 1462549 94013136 2654 
com.querydsl.sql.SubqueriesBase.scalarSubQueryInClause 306026917 1054945 58156153 263955993 0 1472178 94974754 2680 
com.querydsl.sql.SubqueriesBase.subQuery_with_alias 307764126 1065075 58470663 265480315 0 1481368 95682099 2706 
com.querydsl.sql.SubqueriesBase.subQuery_rightJoin 309479533 1075090 58781692 266997708 0 1490251 96400331 2734 
com.querydsl.sql.SubqueriesBase.list_in_query 311227325 1085784 59098383 268669480 0 1500094 97251349 2762 
com.querydsl.sql.SubqueriesBase.subQuery_leftJoin 312905979 1095318 59401802 270093418 0 1508425 97870002 2788 
com.querydsl.sql.SubqueriesBase.subQuerySerialization 315683246 1107460 59902266 272503501 0 1522254 98901898 2818 
com.querydsl.sql.SubqueriesBase.subQuery_alias 160069873 636634 30659734 143524255 0 750412 61700811 1698 
com.querydsl.sql.SubqueriesBase.subQuery_innerJoin 162214923 651918 31043816 145952106 0 764881 62883027 1721 
com.querydsl.sql.SubqueriesBase.subQuery_with_alias2 164193495 665734 31397940 147963012 0 777205 63702088 1744 
com.querydsl.sql.SubqueriesBase.scalarSubQueryInClause2 166291197 679780 31778128 150091185 0 790485 64572427 1767 
com.querydsl.sql.SubqueriesBase.subQueries 168386539 694371 32157523 152237453 0 804076 65428018 1791 
com.querydsl.sql.SubqueriesBase.subQuerySerialization2 174176425 724628 33312634 157811259 0 835500 67795606 1858 
com.querydsl.sql.SubqueriesBase.keys 302036364 1027424 57328066 251220425 0 1434118 91426676 2569 
com.querydsl.sql.SubqueriesBase.subQuery_all 303761103 1040555 57645150 253464881 0 1446251 92859222 2594 
com.querydsl.sql.SubqueriesBase.subQuery_any 305324270 1052706 57933612 255320770 0 1457220 93814761 2618 
com.querydsl.sql.SubqueriesBase.subQuery_params 308213426 1073404 58500270 259207920 0 1478409 96313247 2656 
com.querydsl.sql.SubqueriesBase.scalarSubQueryInClause 309854953 1085406 58801972 261169080 0 1489447 97382212 2681 
com.querydsl.sql.SubqueriesBase.subQuery_with_alias 311479206 1096990 59100959 262929106 0 1500034 98195737 2707 
com.querydsl.sql.SubqueriesBase.subQuery_rightJoin 312967127 1107278 59376369 264461401 0 1509346 98906840 2734 
com.querydsl.sql.SubqueriesBase.list_in_query 314555240 1118981 59669871 266192023 0 1519666 99797562 2762 
com.querydsl.sql.SubqueriesBase.subQuery_leftJoin 316113526 1129540 59957126 267732168 0 1528706 100476208 2789 
com.querydsl.sql.SubqueriesBase.subQuerySerialization 318777880 1143344 60443269 270383858 0 1543168 101723739 2819 
com.querydsl.sql.SubqueriesBase.subQuery_alias 162784664 578279 31181677 134041311 0 750394 61277167 1693 
com.querydsl.sql.SubqueriesBase.subQuery_innerJoin 164905628 592732 31561548 136448793 0 764814 62558711 1716 
com.querydsl.sql.SubqueriesBase.subQuery_with_alias2 166867383 604786 31911680 138422305 0 777194 63468281 1739 
com.querydsl.sql.SubqueriesBase.scalarSubQueryInClause2 168865842 618015 32272836 140514567 0 789478 64418848 1762 
com.querydsl.sql.SubqueriesBase.subQueries 170737052 630732 32614122 142457549 0 801299 65334302 1787 
com.querydsl.sql.SubqueriesBase.subQuerySerialization2 176212718 658977 33716590 147999920 0 831740 68006807 1854 
com.querydsl.sql.SubqueriesBase.keys 300889262 943416 57190588 237020787 0 1414779 90706569 2563 
com.querydsl.sql.SubqueriesBase.subQuery_all 302382974 953781 57466233 238769287 0 1425095 91854022 2587 
com.querydsl.sql.SubqueriesBase.subQuery_any 303936740 964356 57748374 240321114 0 1435294 92587048 2612 
com.querydsl.sql.SubqueriesBase.subQuery_params 307081496 985660 58361553 244203242 0 1458536 94776458 2650 
com.querydsl.sql.SubqueriesBase.scalarSubQueryInClause 308520785 995135 58625682 245667205 0 1468161 95599651 2676 
com.querydsl.sql.SubqueriesBase.subQuery_with_alias 310221323 1005190 58939385 247250298 0 1477897 96307466 2702 
com.querydsl.sql.SubqueriesBase.subQuery_rightJoin 311738917 1014730 59219757 248672733 0 1487029 96952397 2728 
com.querydsl.sql.SubqueriesBase.list_in_query 313242617 1024906 59496442 250164990 0 1496273 97729991 2755 
com.querydsl.sql.SubqueriesBase.subQuery_leftJoin 314688266 1034129 59762935 251492259 0 1504522 98337227 2781 
com.querydsl.sql.SubqueriesBase.subQuerySerialization 317020820 1045845 60186835 253746811 0 1518217 99409582 2812 
com.querydsl.sql.SubqueriesBase.subQuery_alias 162619436 548819 30978820 130149599 0 733207 58012815 1686 
com.querydsl.sql.SubqueriesBase.subQuery_innerJoin 164834124 561701 31372689 132424778 0 747998 59121356 1709 
com.querydsl.sql.SubqueriesBase.subQuery_with_alias2 166875437 572723 31735007 134300981 0 760065 59874124 1731 
com.querydsl.sql.SubqueriesBase.scalarSubQueryInClause2 168968911 584623 32109217 136300740 0 773175 60668988 1755 
com.querydsl.sql.SubqueriesBase.subQueries 170984625 595583 32468875 138139070 0 785170 61402168 1779 
com.querydsl.sql.SubqueriesBase.subQuerySerialization2 176795792 623102 33625009 143820390 0 816392 63990360 1845 
com.querydsl.sql.SubqueriesBase.keys 296578422 912753 56332411 230634656 0 1391861 86451025 2630 
com.querydsl.sql.SubqueriesBase.subQuery_all 298646578 923668 56704612 232756794 0 1404267 87608220 2654 
com.querydsl.sql.SubqueriesBase.subQuery_any 300383744 933545 57018725 234346829 0 1415150 88206318 2679 
com.querydsl.sql.SubqueriesBase.subQuery_params 303625094 952453 57642861 237754057 0 1436830 89955719 2716 
com.querydsl.sql.SubqueriesBase.scalarSubQueryInClause 305383879 962010 57959475 239304381 0 1447238 90612888 2742 
com.querydsl.sql.SubqueriesBase.subQuery_with_alias 307126960 972029 58274840 240836437 0 1457319 91199676 2768 
com.querydsl.sql.SubqueriesBase.subQuery_rightJoin 308856258 981245 58587157 242245767 0 1466434 91740617 2794 
com.querydsl.sql.SubqueriesBase.list_in_query 310673853 991757 58916950 243992116 0 1477027 92596484 2821 
com.querydsl.sql.SubqueriesBase.subQuery_leftJoin 312370908 1000826 59224220 245417347 0 1486238 93179318 2848 
com.querydsl.sql.SubqueriesBase.subQuerySerialization 315154202 1012464 59725246 247790385 0 1500281 94139991 2879 
com.querydsl.sql.SubqueriesBase.subQuery_params 3615200430 10296349 716840508 2495936741 0 15166544 745187244 4090 
com.querydsl.sql.SubqueriesBase.subQuery_rightJoin 3619424377 10339483 717630491 2501710099 0 15216837 748527137 4092 
com.querydsl.sql.SubqueriesBase.list_in_query 3634484420 10391655 720461261 2515326687 0 15326809 754167733 4108 
com.querydsl.sql.SubqueriesBase.scalarSubQueryInClause2 3635302686 10402617 720614486 2516762660 0 15336755 755482262 4108 
com.querydsl.sql.SubqueriesBase.subQuery_any 3636966321 10425373 720912694 2519479483 0 15362680 757479404 4108 
com.querydsl.sql.SubqueriesBase.subQuery_all 3638572544 10444678 721196731 2521679422 0 15386371 758673919 4108 
com.querydsl.sql.SubqueriesBase.keys 3640998138 10463184 721641848 2524413795 0 15409241 760087357 4108 
com.querydsl.sql.SubqueriesBase.subQuery_innerJoin 3644681751 10503238 722317576 2529761003 0 15464968 763155204 4109 
com.querydsl.sql.SubqueriesBase.subQuery_with_alias 3646659186 10527920 722675704 2532577188 0 15495440 764778230 4109 
com.querydsl.sql.SubqueriesBase.subQueries 3648589751 10546982 723050085 2534830155 0 15516799 765992479 4109 
com.querydsl.sql.SubqueriesBase.scalarSubQueryInClause 3649264096 10556540 723175015 2535765667 0 15525322 766584316 4109 
com.querydsl.sql.SubqueriesBase.subQuerySerialization2 3653717132 10581037 724097112 2540365735 0 15551977 768752016 4116 
com.querydsl.sql.SubqueriesBase.subQuerySerialization 3654364290 10588671 724218142 2541239024 0 15559065 769309651 4116 
com.querydsl.sql.SubqueriesBase.subQuery_leftJoin 3656968244 10625317 724677355 2545538594 0 15604487 772035251 4116 
com.querydsl.sql.SubqueriesBase.subQuery_with_alias2 3657973781 10640607 724856962 2547603492 0 15619166 773184222 4116 
com.querydsl.sql.SubqueriesBase.subQuery_alias 3664253378 10685417 726008757 2555317661 0 15689509 776915010 4119 
