com.querydsl.sql.SQLServerTemplatesTest.booleanTemplate 842697817 3712035 159799744 802509616 0 4525981 277771153 9684 
com.querydsl.sql.SQLServerTemplatesTest.nextVal 848515564 3726048 160861212 806115453 0 4544733 278820841 9868 
com.querydsl.sql.SQLServerTemplatesTest.noFrom 851751839 3736659 161450629 808331742 0 4556783 279500505 9965 
com.querydsl.sql.SQLServerTemplatesTest.generic_precedence 862747237 3789992 163430756 819712096 0 4619243 282878981 10103 
com.querydsl.sql.SQLServerTemplatesTest.limit 866203148 3808430 164062615 823885394 0 4635560 284595236 10201 
com.querydsl.sql.SQLServerTemplatesTest.in 870148703 3826386 164767411 828463375 0 4653140 286280277 10301 
com.querydsl.sql.SQLServerTemplatesTest.union 873597475 3844422 165395446 832505461 0 4669674 287751487 10399 
com.querydsl.sql.SQLServerTemplatesTest.innerJoin 877902058 3863798 166157548 837588494 0 4690254 289591911 10502 
com.querydsl.sql.SQLServerTemplatesTest.arithmetic 883377365 3913893 167144882 844918391 0 4723943 292724023 10614 
com.querydsl.sql.SQLServerTemplatesTest.booleanTemplate 832703144 3683978 158163248 851262533 0 4579389 280718690 9687 
com.querydsl.sql.SQLServerTemplatesTest.nextVal 838505747 3704498 159224945 856909648 0 4599612 282190326 9871 
com.querydsl.sql.SQLServerTemplatesTest.noFrom 841744903 3716920 159816354 860260891 0 4612836 283033403 9968 
com.querydsl.sql.SQLServerTemplatesTest.generic_precedence 852535869 3757858 161766543 871928178 0 4666028 285997776 10107 
com.querydsl.sql.SQLServerTemplatesTest.limit 855987070 3773152 162399102 876168876 0 4681804 287702899 10205 
com.querydsl.sql.SQLServerTemplatesTest.in 859762733 3790504 163078030 880763084 0 4699068 289714275 10305 
com.querydsl.sql.SQLServerTemplatesTest.union 863198555 3805183 163704449 884852011 0 4715538 291212321 10403 
com.querydsl.sql.SQLServerTemplatesTest.innerJoin 867348106 3821904 164444002 889765839 0 4735145 293002681 10506 
com.querydsl.sql.SQLServerTemplatesTest.arithmetic 872539652 3867537 165379468 896659717 0 4767401 296041344 10617 
com.querydsl.sql.SQLServerTemplatesTest.booleanTemplate 857443459 3046441 162460651 677128349 0 4227487 247525344 9730 
com.querydsl.sql.SQLServerTemplatesTest.nextVal 863612731 3060435 163598609 680980431 0 4246259 248688795 9914 
com.querydsl.sql.SQLServerTemplatesTest.noFrom 866979956 3070544 164212893 683220755 0 4258407 249443500 10011 
com.querydsl.sql.SQLServerTemplatesTest.generic_precedence 878020149 3098856 166198648 691027655 0 4311333 251843900 10151 
com.querydsl.sql.SQLServerTemplatesTest.limit 881530304 3111707 166842144 693940943 0 4326378 253407139 10249 
com.querydsl.sql.SQLServerTemplatesTest.in 885390348 3125303 167535911 696890973 0 4342162 254796728 10349 
com.querydsl.sql.SQLServerTemplatesTest.union 888891740 3138152 168175189 699459300 0 4357241 255863801 10447 
com.querydsl.sql.SQLServerTemplatesTest.innerJoin 893109840 3151929 168926049 702721205 0 4375465 257211880 10550 
com.querydsl.sql.SQLServerTemplatesTest.arithmetic 898485632 3187433 169898906 707356166 0 4403883 259537720 10661 
com.querydsl.sql.SQLServerTemplatesTest.booleanTemplate 319120172372 405584021 58700164986 156885744974 0 138187687 38034934048 410597 
com.querydsl.sql.SQLServerTemplatesTest.union 319123025818 405595469 58700687136 156887723921 0 138201254 38035536334 410597 
com.querydsl.sql.SQLServerTemplatesTest.limit 319125844820 405606047 58701203602 156889608570 0 138213442 38036087516 410597 
com.querydsl.sql.SQLServerTemplatesTest.nextVal 319130613880 405617089 58702070248 156892275388 0 138228850 38036630326 410597 
com.querydsl.sql.SQLServerTemplatesTest.generic_precedence 319134993388 405628094 58702868668 156894810845 0 138240156 38037384557 410597 
com.querydsl.sql.SQLServerTemplatesTest.innerJoin 319138102441 405640224 58703443341 156896938349 0 138251926 38038210455 410597 
com.querydsl.sql.SQLServerTemplatesTest.noFrom 319140788483 405649208 58703933076 156898667611 0 138262772 38038731388 410597 
com.querydsl.sql.SQLServerTemplatesTest.in 319143697909 405660693 58704461086 156900582391 0 138273863 38039446920 410597 
com.querydsl.sql.SQLServerTemplatesTest.arithmetic 319147621658 405680234 58705183179 156903396638 0 138288746 38040630341 410597 
