com.querydsl.sql.BeanPopulationBase.populate_with_beanMapper 319081856265 384631322 58310533812 163758529400 0 138658488 36270661334 375572 
com.querydsl.sql.BeanPopulationBase.insert_update_query_and_delete 319084361584 384650631 58311009037 163760897873 0 138677798 36271800958 375572 
com.querydsl.sql.BeanPopulationBase.custom_projection 319086773657 384668139 58311465774 163762983390 0 138695192 36272647266 375572 
com.querydsl.sql.BeanPopulationBase.populate_with_beanMapper 320361474385 434387228 58400852137 161618642350 0 146004749 38614673714 375555 
com.querydsl.sql.BeanPopulationBase.insert_update_query_and_delete 320364054238 434408919 58401341593 161622044847 0 146024834 38616302440 375555 
com.querydsl.sql.BeanPopulationBase.custom_projection 320366507022 434428247 58401805670 161625029503 0 146043233 38617423565 375555 
com.querydsl.sql.BeanPopulationBase.populate_with_beanMapper 321459773355 372067870 58345559234 160005414559 0 135363010 36669992360 369212 
com.querydsl.sql.BeanPopulationBase.insert_update_query_and_delete 321462356828 372088896 58346049179 160008087440 0 135382700 36671513827 369212 
com.querydsl.sql.BeanPopulationBase.custom_projection 321464777701 372107328 58346507483 160010308492 0 135400475 36672596601 369212 
com.querydsl.sql.BeanPopulationBase.insert_update_query_and_delete 319151631207 405712284 58705945197 156908149145 0 138319964 38043421857 410599 
com.querydsl.sql.BeanPopulationBase.populate_with_beanMapper 319157277411 405753266 58706980175 156914090000 0 138365040 38046126835 410613 
com.querydsl.sql.BeanPopulationBase.custom_projection 319160064290 405775801 58707505161 156916847659 0 138387820 38047454982 410613 
