com.querydsl.sql.UpdateBase.setNullEmptyRootPath 321015842170 395416113 58692981892 165566064933 0 153180832 36944392580 377677 
com.querydsl.sql.UpdateBase.update_with_subQuery_notExists 321018567380 395433050 58693504538 165568312672 0 153197073 36945415654 377677 
com.querydsl.sql.UpdateBase.update_limit 321021439852 395450883 58694054140 165570641667 0 153212839 36946539930 377677 
com.querydsl.sql.UpdateBase.update4 321024199512 395468319 58694583670 165572893154 0 153228706 36947575874 377677 
com.querydsl.sql.UpdateBase.update_with_subQuery_exists 321026959784 395484927 58695112945 165574994213 0 153243656 36948473473 377677 
com.querydsl.sql.UpdateBase.update_with_subQuery_exists2 321029719085 395501633 58695641893 165577093741 0 153258344 36949391631 377677 
com.querydsl.sql.UpdateBase.batch_templates 321032410889 395517778 58696158134 165579117978 0 153272487 36950333244 377677 
com.querydsl.sql.UpdateBase.update 321035095861 395533797 58696672714 165581167577 0 153286524 36951409992 377677 
com.querydsl.sql.UpdateBase.update_with_subQuery_exists_Params 321037837794 395550473 58697198449 165583307884 0 153300699 36952533392 377677 
com.querydsl.sql.UpdateBase.batch 321040557398 395566527 58697719826 165585344053 0 153314698 36953473771 377677 
com.querydsl.sql.UpdateBase.update2 321043259057 395582603 58698237767 165587371581 0 153328762 36954390271 377677 
com.querydsl.sql.UpdateBase.setNull 321045985346 395599818 58698761545 165589645274 0 153345576 36955365235 377677 
com.querydsl.sql.UpdateBase.setNull2 321048595236 395614516 58699261880 165591706215 0 153361624 36956186303 377677 
com.querydsl.sql.UpdateBase.update3 321051124757 395628020 58699746663 165593561519 0 153374893 36956899409 377677 
com.querydsl.sql.UpdateBase.update_with_templateExpression_in_batch 321053654759 395641934 58700231553 165595389865 0 153387754 36957557958 377677 
com.querydsl.sql.UpdateBase.update5 321057459055 395665447 58700961580 165599078300 0 153414607 36959151474 377683 
com.querydsl.sql.UpdateBase.setNullEmptyRootPath 322304894918 444733262 58784772408 163324286421 0 160235726 39285377015 377634 
com.querydsl.sql.UpdateBase.update_with_subQuery_notExists 322307598466 444750732 58785291193 163326452976 0 160251033 39286332309 377636 
com.querydsl.sql.UpdateBase.update_limit 322310282811 444767796 58785805952 163328524805 0 160265387 39287239524 377636 
com.querydsl.sql.UpdateBase.update4 322313023921 444785496 58786332186 163330709841 0 160280245 39288190714 377636 
com.querydsl.sql.UpdateBase.update_with_subQuery_exists 322315760683 444802954 58786857410 163332870854 0 160294717 39289211504 377636 
com.querydsl.sql.UpdateBase.update_with_subQuery_exists2 322318507722 444819864 58787384490 163335081572 0 160309529 39290338049 377636 
com.querydsl.sql.UpdateBase.batch_templates 322321187264 444836161 58787899095 163337177973 0 160323132 39291402201 377636 
com.querydsl.sql.UpdateBase.update 322323849373 444852282 58788409919 163339267680 0 160336496 39292470311 377636 
com.querydsl.sql.UpdateBase.update_with_subQuery_exists_Params 322326583182 444868729 58788934691 163341393940 0 160350094 39293435647 377636 
com.querydsl.sql.UpdateBase.batch 322329272459 444884659 58789451151 163343445468 0 160363275 39294385244 377636 
com.querydsl.sql.UpdateBase.update2 322331952352 444900957 58789966142 163345541979 0 160376729 39295391397 377636 
com.querydsl.sql.UpdateBase.setNull 322334622854 444917266 58790479410 163347666323 0 160390421 39296324499 377637 
com.querydsl.sql.UpdateBase.setNull2 322337264079 444931477 58790985860 163349725709 0 160404050 39297105741 377637 
com.querydsl.sql.UpdateBase.update3 322339806678 444944728 58791473548 163351613732 0 160416522 39297803363 377637 
com.querydsl.sql.UpdateBase.update_with_templateExpression_in_batch 322342729812 444959126 58792033516 163353752548 0 160429891 39298566303 377637 
com.querydsl.sql.UpdateBase.update5 322346156295 444980749 58792691414 163357240979 0 160454930 39300109249 377643 
com.querydsl.sql.UpdateBase.setNullEmptyRootPath 323411467381 382896730 58731117912 161799270234 0 149979841 37380200007 371286 
com.querydsl.sql.UpdateBase.update_with_subQuery_notExists 323414266701 382914468 58731654258 161801745019 0 149997976 37381297990 371288 
com.querydsl.sql.UpdateBase.update_limit 323416976441 382932030 58732173743 161804146147 0 150016410 37382551481 371288 
com.querydsl.sql.UpdateBase.update4 323419733318 382949650 58732702589 161806478052 0 150032807 37383594495 371288 
com.querydsl.sql.UpdateBase.update_with_subQuery_exists 323422485233 382966251 58733230514 161808612168 0 150047789 37384537166 371288 
com.querydsl.sql.UpdateBase.update_with_subQuery_exists2 323425247077 382983121 58733760154 161810776472 0 150062906 37385463062 371288 
com.querydsl.sql.UpdateBase.batch_templates 323427935592 382999366 58734275372 161812857163 0 150076969 37386527061 371288 
com.querydsl.sql.UpdateBase.update 323430633160 383016038 58734792666 161815027081 0 150091036 37387616752 371288 
com.querydsl.sql.UpdateBase.update_with_subQuery_exists_Params 323433366678 383032198 58735316597 161817102008 0 150104853 37388575638 371288 
com.querydsl.sql.UpdateBase.batch 323436099675 383049115 58735841575 161819250686 0 150119148 37389499479 371288 
com.querydsl.sql.UpdateBase.update2 323438780918 383065696 58736357561 161821349412 0 150133163 37390410901 371288 
com.querydsl.sql.UpdateBase.setNull 323441463775 383082164 58736874607 161823478892 0 150147507 37391277195 371288 
com.querydsl.sql.UpdateBase.setNull2 323443984237 383095483 58737359918 161825363130 0 150160760 37391939764 371288 
com.querydsl.sql.UpdateBase.update3 323446489847 383108806 58737842141 161827216836 0 150173422 37392585253 371288 
com.querydsl.sql.UpdateBase.update_with_templateExpression_in_batch 323449007662 383122125 58738326097 161829063745 0 150185666 37393211943 371288 
com.querydsl.sql.UpdateBase.update5 323452344274 383143082 58738968257 161832341865 0 150210399 37394553690 371294 
com.querydsl.sql.UpdateBase.update2 320600107494 412724083 58983286918 157993402407 0 144405510 38497830472 410791 
com.querydsl.sql.UpdateBase.setNull2 320602409860 412734693 58983728032 157994990606 0 144414232 38498354721 410791 
com.querydsl.sql.UpdateBase.update_with_subQuery_exists 320604728100 412744997 58984171677 157996558895 0 144422103 38498879913 410791 
com.querydsl.sql.UpdateBase.batch_templates 320606983110 412755293 58984603137 157998065207 0 144429661 38499374004 410791 
com.querydsl.sql.UpdateBase.batch 320609282541 412765773 58985044139 157999620325 0 144437493 38499881333 410791 
com.querydsl.sql.UpdateBase.update5 320611639677 412776943 58985495187 158001257160 0 144445997 38500400544 410791 
com.querydsl.sql.UpdateBase.update_limit 320613912843 412787228 58985930871 158002782259 0 144453713 38500871151 410791 
com.querydsl.sql.UpdateBase.update_with_templateExpression_in_batch 320616228188 412797615 58986374071 158004339693 0 144461504 38501341080 410791 
com.querydsl.sql.UpdateBase.update_with_subQuery_notExists 320618562860 412807644 58986821064 158005846457 0 144468906 38501789108 410791 
com.querydsl.sql.UpdateBase.update_with_subQuery_exists2 320620842799 412817811 58987257715 158007340316 0 144476278 38502259838 410791 
com.querydsl.sql.UpdateBase.setNull 320623138901 412827519 58987697584 158008802266 0 144483274 38502699585 410791 
com.querydsl.sql.UpdateBase.setNullEmptyRootPath 320625371564 412837490 58988124800 158010254816 0 144490312 38503152758 410791 
com.querydsl.sql.UpdateBase.update4 320627632303 412847663 58988557697 158011734628 0 144497307 38503605048 410791 
com.querydsl.sql.UpdateBase.update3 320629889687 412857588 58988989858 158013217368 0 144504706 38504073570 410791 
com.querydsl.sql.UpdateBase.update_with_subQuery_exists_Params 320632176800 412867216 58989427911 158014677739 0 144511478 38504516161 410791 
com.querydsl.sql.UpdateBase.update 320635900579 412885817 58990109721 158018163129 0 144532499 38505960126 410793 
