com.querydsl.sql.HSQLDBTemplatesTest.precedence 46914158 135249 9348845 34125049 0 187882 12865675 426 
com.querydsl.sql.HSQLDBTemplatesTest.booleanTemplate 71700328 216750 14293423 54094118 0 301188 21685777 659 
com.querydsl.sql.HSQLDBTemplatesTest.noFrom 79478980 242479 15663910 60060605 0 328704 25015962 766 
com.querydsl.sql.HSQLDBTemplatesTest.innerJoin 93790381 300538 18349092 72679781 0 406383 30927956 955 
com.querydsl.sql.HSQLDBTemplatesTest.arithmetic 106669547 371643 20639012 83743309 0 475196 36378744 1082 
com.querydsl.sql.HSQLDBTemplatesTest.generic_precedence 123890875 419233 23681043 97117209 0 567695 40820734 1233 
com.querydsl.sql.HSQLDBTemplatesTest.in 132185452 451810 25183779 103885398 0 603101 44315611 1354 
com.querydsl.sql.HSQLDBTemplatesTest.union 147585268 503367 28217529 115670447 0 663780 49504248 1510 
com.querydsl.sql.HSQLDBTemplatesTest.precedence 229819514 1015029 45250607 215573456 0 1297194 63998022 2329 
com.querydsl.sql.HSQLDBTemplatesTest.booleanTemplate 254095526 1100338 50116128 234794446 0 1415700 71750593 2564 
com.querydsl.sql.HSQLDBTemplatesTest.noFrom 262096128 1146264 51545650 244213156 0 1456578 75807607 2675 
com.querydsl.sql.HSQLDBTemplatesTest.innerJoin 276399652 1234220 54247197 263091859 0 1554226 82806188 2864 
com.querydsl.sql.HSQLDBTemplatesTest.arithmetic 289119998 1340825 56527888 280802155 0 1640893 90435930 2991 
com.querydsl.sql.HSQLDBTemplatesTest.generic_precedence 306463966 1441391 59607498 303956635 0 1776930 97900809 3143 
com.querydsl.sql.HSQLDBTemplatesTest.in 315215672 1494363 61198352 315619930 0 1825094 103086848 3262 
com.querydsl.sql.HSQLDBTemplatesTest.union 330270368 1557562 64176270 329979897 0 1895385 108474682 3419 
com.querydsl.sql.HSQLDBTemplatesTest.precedence 46595553 177463 9347716 42052021 0 207415 13255926 416 
com.querydsl.sql.HSQLDBTemplatesTest.booleanTemplate 70584847 273918 14163269 65351756 0 329509 20724089 651 
com.querydsl.sql.HSQLDBTemplatesTest.noFrom 77950145 318110 15479097 73595002 0 364412 24093867 760 
com.querydsl.sql.HSQLDBTemplatesTest.innerJoin 91828139 395683 18104820 91784106 0 458057 30422358 959 
com.querydsl.sql.HSQLDBTemplatesTest.arithmetic 103598543 501987 20216426 108980630 0 542440 38045616 1085 
com.querydsl.sql.HSQLDBTemplatesTest.generic_precedence 120146135 582647 23170846 128682015 0 662704 44450131 1237 
com.querydsl.sql.HSQLDBTemplatesTest.in 128027580 624966 24610495 138118037 0 706263 48551998 1343 
com.querydsl.sql.HSQLDBTemplatesTest.union 142912428 695600 27564269 155511990 0 780186 54247239 1490 
com.querydsl.sql.HSQLDBTemplatesTest.precedence 46226825 197721 9216513 51685359 0 198640 17262572 496 
com.querydsl.sql.HSQLDBTemplatesTest.booleanTemplate 70883616 300105 14122708 75093513 0 317934 26942924 730 
com.querydsl.sql.HSQLDBTemplatesTest.noFrom 79137640 325537 15586168 81122790 0 347086 29767176 837 
com.querydsl.sql.HSQLDBTemplatesTest.innerJoin 93433873 382623 18268342 92989773 0 424168 34637950 1027 
com.querydsl.sql.HSQLDBTemplatesTest.arithmetic 106026963 455688 20509589 105697175 0 491952 40832327 1153 
com.querydsl.sql.HSQLDBTemplatesTest.generic_precedence 122934504 501473 23498955 119617519 0 585634 46372383 1305 
com.querydsl.sql.HSQLDBTemplatesTest.in 131398761 532289 25026068 126932087 0 620783 50685265 1424 
com.querydsl.sql.HSQLDBTemplatesTest.union 146899802 582120 28077085 138490056 0 681069 55479344 1582 
com.querydsl.sql.HSQLDBTemplatesTest.precedence 46783929 193858 9321588 48286370 0 201079 17189760 500 
com.querydsl.sql.HSQLDBTemplatesTest.booleanTemplate 71416799 278784 14205873 68118820 0 315252 25871770 732 
com.querydsl.sql.HSQLDBTemplatesTest.noFrom 79406472 307378 15610514 74372769 0 343045 29367560 839 
com.querydsl.sql.HSQLDBTemplatesTest.innerJoin 94145609 369528 18371765 87890842 0 422117 36201161 1028 
com.querydsl.sql.HSQLDBTemplatesTest.arithmetic 106990403 443387 20655851 99513423 0 490435 42631497 1155 
com.querydsl.sql.HSQLDBTemplatesTest.generic_precedence 124033180 496177 23673698 113104504 0 584638 47733476 1307 
com.querydsl.sql.HSQLDBTemplatesTest.in 132450735 530884 25190390 120167935 0 620030 51679117 1426 
com.querydsl.sql.HSQLDBTemplatesTest.union 148068142 585557 28255378 132299104 0 681244 56996279 1584 
com.querydsl.sql.HSQLDBTemplatesTest.precedence 47819664 143377 9514493 36319179 0 189242 14920208 433 
com.querydsl.sql.HSQLDBTemplatesTest.booleanTemplate 73018908 228480 14535200 56518111 0 303982 23634593 717 
com.querydsl.sql.HSQLDBTemplatesTest.noFrom 80883723 255206 15921191 62477151 0 332439 26776428 825 
com.querydsl.sql.HSQLDBTemplatesTest.innerJoin 95341260 313119 18631023 74725603 0 409901 32181582 1026 
com.querydsl.sql.HSQLDBTemplatesTest.arithmetic 108287145 385737 20926671 86740167 0 479361 38865714 1152 
com.querydsl.sql.HSQLDBTemplatesTest.generic_precedence 125905636 437681 24043132 101530047 0 579411 45084562 1304 
com.querydsl.sql.HSQLDBTemplatesTest.in 135430274 478035 25754429 110154099 0 622927 50113396 1423 
com.querydsl.sql.HSQLDBTemplatesTest.union 150937625 529369 28804789 122497151 0 683009 55859867 1581 
com.querydsl.sql.HSQLDBTemplatesTest.precedence 46486838 136139 9259365 34483468 0 185840 13523052 455 
com.querydsl.sql.HSQLDBTemplatesTest.booleanTemplate 71215934 217687 14165735 54017735 0 299355 21854349 688 
com.querydsl.sql.HSQLDBTemplatesTest.noFrom 79499422 243983 15606722 60593516 0 329583 25434749 798 
com.querydsl.sql.HSQLDBTemplatesTest.innerJoin 94293910 299786 18351521 73276449 0 407000 31261136 996 
com.querydsl.sql.HSQLDBTemplatesTest.arithmetic 107350022 368380 20651348 84573895 0 473308 37286524 1125 
com.querydsl.sql.HSQLDBTemplatesTest.generic_precedence 124856149 414318 23717372 98903054 0 565579 43229793 1276 
com.querydsl.sql.HSQLDBTemplatesTest.in 133817858 445711 25307863 106597059 0 601225 47887259 1396 
com.querydsl.sql.HSQLDBTemplatesTest.union 149883671 494864 28427327 118417682 0 661480 52920674 1553 
com.querydsl.sql.HSQLDBTemplatesTest.noFrom 320400548182 411749768 58946396046 157834912761 0 143570055 38423398488 410755 
com.querydsl.sql.HSQLDBTemplatesTest.arithmetic 320404941062 411763593 58947188283 157837684064 0 143580877 38424461365 410755 
com.querydsl.sql.HSQLDBTemplatesTest.union 320407960212 411774959 58947734268 157839737379 0 143591603 38425295066 410755 
com.querydsl.sql.HSQLDBTemplatesTest.precedence 320410721082 411782476 58948239348 157841397534 0 143600308 38425748497 410755 
com.querydsl.sql.HSQLDBTemplatesTest.booleanTemplate 320413699413 411793411 58948777510 157843380352 0 143609902 38426581175 410755 
com.querydsl.sql.HSQLDBTemplatesTest.generic_precedence 320417916773 411802083 58949541974 157845683044 0 143619557 38427195343 410755 
com.querydsl.sql.HSQLDBTemplatesTest.in 320420659207 411811171 58950036153 157847308091 0 143628211 38427695056 410755 
com.querydsl.sql.HSQLDBTemplatesTest.innerJoin 320423362555 411819443 58950523269 157848855418 0 143635988 38428090301 410755 
