com.querydsl.sql.DB2TemplatesTest.precedence 248364245 1028252 47656039 232705088 0 1327731 69800039 1867 
com.querydsl.sql.DB2TemplatesTest.booleanTemplate 255936719 1061522 49007699 239831627 0 1360261 73230570 1973 
com.querydsl.sql.DB2TemplatesTest.innerJoin 263306631 1091697 50327517 246524349 0 1390426 76498998 2079 
com.querydsl.sql.DB2TemplatesTest.generic_precedence 279277919 1177548 53167739 265487164 0 1503825 82981442 2231 
com.querydsl.sql.DB2TemplatesTest.in 288075564 1232643 54743876 277268194 0 1549143 88350102 2348 
com.querydsl.sql.DB2TemplatesTest.union 303452766 1290015 57773058 291323719 0 1615477 93926751 2498 
com.querydsl.sql.DB2TemplatesTest.noFrom 309656575 1317194 58867646 297226110 0 1642480 96576888 2589 
com.querydsl.sql.DB2TemplatesTest.arithmetic 320423828 1404552 60777461 310495440 0 1715458 102221510 2701 
com.querydsl.sql.DB2TemplatesTest.precedence 244773185 906178 47083406 231312139 0 1331336 63696151 1871 
com.querydsl.sql.DB2TemplatesTest.booleanTemplate 252566527 942954 48482544 239208148 0 1364504 67011527 1979 
com.querydsl.sql.DB2TemplatesTest.innerJoin 259657079 977938 49754027 247081409 0 1396999 69940308 2085 
com.querydsl.sql.DB2TemplatesTest.generic_precedence 275878958 1058941 52639626 266662395 0 1520431 75700752 2236 
com.querydsl.sql.DB2TemplatesTest.in 284394264 1111579 54170271 277921734 0 1565437 80477635 2353 
com.querydsl.sql.DB2TemplatesTest.union 299724429 1191015 57194588 296620342 0 1640686 87523759 2494 
com.querydsl.sql.DB2TemplatesTest.noFrom 305544538 1220731 58221917 303923663 0 1667909 90718184 2585 
com.querydsl.sql.DB2TemplatesTest.arithmetic 316000807 1315088 60078882 318757757 0 1743286 97168894 2696 
com.querydsl.sql.DB2TemplatesTest.precedence 254373127 783398 48698816 191492507 0 1251188 57619984 1880 
com.querydsl.sql.DB2TemplatesTest.booleanTemplate 261926688 813771 50047645 197374626 0 1281171 60564682 1987 
com.querydsl.sql.DB2TemplatesTest.innerJoin 269296414 840585 51370177 203034426 0 1310127 62939087 2093 
com.querydsl.sql.DB2TemplatesTest.generic_precedence 285934795 891065 54334487 216507753 0 1413996 67093119 2242 
com.querydsl.sql.DB2TemplatesTest.in 295562621 925881 56052504 224527868 0 1456760 70733059 2347 
com.querydsl.sql.DB2TemplatesTest.union 310970025 976104 59091491 236328230 0 1519784 75530599 2484 
com.querydsl.sql.DB2TemplatesTest.noFrom 316959783 995982 60151471 240981743 0 1544290 77894322 2575 
com.querydsl.sql.DB2TemplatesTest.arithmetic 327632317 1059749 62050191 250551252 0 1608858 82549467 2686 
com.querydsl.sql.DB2TemplatesTest.in 320642056529 412901608 58991274680 158022669112 0 144553073 38508071087 410794 
com.querydsl.sql.DB2TemplatesTest.union 320644780704 412911642 58991766597 158024673465 0 144562894 38509116368 410794 
com.querydsl.sql.DB2TemplatesTest.innerJoin 320647481448 412919916 58992256922 158026236226 0 144571290 38509559520 410794 
com.querydsl.sql.DB2TemplatesTest.booleanTemplate 320650273834 412929810 58992759194 158027929307 0 144579991 38510129347 410794 
com.querydsl.sql.DB2TemplatesTest.generic_precedence 320654485696 412938108 58993526807 158030089065 0 144589064 38510569120 410794 
com.querydsl.sql.DB2TemplatesTest.noFrom 320657118072 412945983 58994000641 158031558360 0 144596619 38510940048 410794 
com.querydsl.sql.DB2TemplatesTest.arithmetic 320660899443 412958333 58994676400 158033713255 0 144605353 38511632645 410794 
com.querydsl.sql.DB2TemplatesTest.precedence 320663702483 412966157 58995186943 158035307810 0 144612865 38512066834 410794 
