com.querydsl.sql.PostgreSQLTemplatesTest.booleanTemplate 3258724561 11224149 630376615 2456412050 0 16251149 833912181 17605 
com.querydsl.sql.PostgreSQLTemplatesTest.noFrom 3261361002 11232288 630861121 2457967918 0 16260765 834301084 17605 
com.querydsl.sql.PostgreSQLTemplatesTest.union 3264182152 11242940 631379633 2459778547 0 16272195 834859346 17605 
com.querydsl.sql.PostgreSQLTemplatesTest.precedence 3267035574 11250583 631908733 2461396033 0 16281219 835217120 17605 
com.querydsl.sql.PostgreSQLTemplatesTest.innerJoin 3269679018 11258644 632393901 2462925899 0 16290670 835610544 17605 
com.querydsl.sql.PostgreSQLTemplatesTest.arithmetic 3274770449 11286825 633321814 2466381887 0 16309298 836981367 17605 
com.querydsl.sql.PostgreSQLTemplatesTest.generic_precedence 3279334823 11295441 634158163 2468765769 0 16320126 837436008 17605 
com.querydsl.sql.PostgreSQLTemplatesTest.in 3282055293 11304691 634657124 2470424197 0 16330822 837889444 17605 
com.querydsl.sql.PostgreSQLTemplatesTest.booleanTemplate 3255986961 11701068 629681978 2530045008 0 16337502 874916936 17846 
com.querydsl.sql.PostgreSQLTemplatesTest.noFrom 3258663610 11709626 630173814 2531644585 0 16347080 875347014 17846 
com.querydsl.sql.PostgreSQLTemplatesTest.union 3261489649 11720679 630692996 2533447825 0 16358158 875945701 17846 
com.querydsl.sql.PostgreSQLTemplatesTest.precedence 3264301381 11728317 631213419 2535003217 0 16366590 876292665 17846 
com.querydsl.sql.PostgreSQLTemplatesTest.innerJoin 3267015057 11737394 631711714 2536610109 0 16376163 876741589 17846 
com.querydsl.sql.PostgreSQLTemplatesTest.arithmetic 3272113189 11766442 632640637 2540099441 0 16395328 878163167 17846 
com.querydsl.sql.PostgreSQLTemplatesTest.generic_precedence 3277001207 11776727 633535000 2542758591 0 16407166 878722001 17846 
com.querydsl.sql.PostgreSQLTemplatesTest.in 3279828504 11787578 634053733 2544568895 0 16418432 879277713 17846 
com.querydsl.sql.PostgreSQLTemplatesTest.booleanTemplate 3281461995 11610444 634562521 2516252748 0 16367262 879204694 17674 
com.querydsl.sql.PostgreSQLTemplatesTest.noFrom 3284270571 11619069 635077287 2517950871 0 16377681 879638324 17704 
com.querydsl.sql.PostgreSQLTemplatesTest.union 3287299666 11630837 635632803 2520063406 0 16390404 880303380 17802 
com.querydsl.sql.PostgreSQLTemplatesTest.precedence 3290357608 11639548 636198685 2521968312 0 16400517 880728963 17897 
com.querydsl.sql.PostgreSQLTemplatesTest.innerJoin 3293184140 11648936 636716066 2523807026 0 16410951 881264832 17995 
com.querydsl.sql.PostgreSQLTemplatesTest.arithmetic 3298407772 11678429 637664027 2527501362 0 16429668 882836918 18113 
com.querydsl.sql.PostgreSQLTemplatesTest.generic_precedence 3303357078 11690187 638566054 2530591412 0 16442071 883791988 18247 
com.querydsl.sql.PostgreSQLTemplatesTest.in 3306294274 11701215 639103395 2532825699 0 16454200 884769505 18346 
com.querydsl.sql.PostgreSQLTemplatesTest.booleanTemplate 3228065598 11369910 624844367 2493787966 0 16300888 879862532 17693 
com.querydsl.sql.PostgreSQLTemplatesTest.noFrom 3230839954 11378178 625346904 2495551058 0 16310847 880466426 17693 
com.querydsl.sql.PostgreSQLTemplatesTest.union 3233819372 11389222 625886983 2497560377 0 16322557 881251458 17693 
com.querydsl.sql.PostgreSQLTemplatesTest.precedence 3236834619 11397216 626438358 2499317714 0 16331759 881731732 17693 
com.querydsl.sql.PostgreSQLTemplatesTest.innerJoin 3239634573 11405549 626944771 2500973042 0 16341447 882234943 17693 
com.querydsl.sql.PostgreSQLTemplatesTest.arithmetic 3244867012 11433428 627890753 2504530291 0 16359649 883761697 17693 
com.querydsl.sql.PostgreSQLTemplatesTest.generic_precedence 3249642868 11442492 628758077 2507099453 0 16371048 884350091 17693 
com.querydsl.sql.PostgreSQLTemplatesTest.in 3252513296 11452106 629277220 2508889204 0 16382081 884932983 17693 
com.querydsl.sql.PostgreSQLTemplatesTest.in 323416350007 426258731 59531838213 160338721401 0 162019175 39447800418 413264 
com.querydsl.sql.PostgreSQLTemplatesTest.arithmetic 323421830106 426272887 59532811698 160342100206 0 162033161 39449054564 413264 
com.querydsl.sql.PostgreSQLTemplatesTest.noFrom 323426038615 426282980 59533561090 160344662750 0 162044310 39449950873 413264 
com.querydsl.sql.PostgreSQLTemplatesTest.union 323430466948 426294825 59534353028 160347458308 0 162057117 39450998511 413264 
com.querydsl.sql.PostgreSQLTemplatesTest.precedence 323434676182 426303452 59535105586 160349843237 0 162067517 39451663743 413264 
com.querydsl.sql.PostgreSQLTemplatesTest.booleanTemplate 323439087907 426315767 59535892900 160352601734 0 162079528 39452682192 413264 
com.querydsl.sql.PostgreSQLTemplatesTest.innerJoin 323443159205 426324919 59536615465 160354968641 0 162090106 39453382621 413264 
com.querydsl.sql.PostgreSQLTemplatesTest.generic_precedence 323448755204 426334232 59537618393 160357960148 0 162101811 39454118564 413264 
