com.querydsl.core.serialization.JavaTemplatesTest.mappings 7730258189 15562451 1382243885 5907333168 0 49527315 948775043 67748 
com.querydsl.core.serialization.JavaTemplatesTest.mappings 7732273501 15468707 1387869387 5936783028 0 49579323 1009706804 69012 
com.querydsl.core.serialization.JavaTemplatesTest.mappings 7722801366 16104502 1384044524 6087246688 0 50208961 1029888905 69019 
com.querydsl.core.serialization.JavaTemplatesTest.mappings 1389953465 6541514 261653281 1200998459 0 7539861 453516900 18798 
com.querydsl.core.serialization.JavaTemplatesTest.mappings 7191398143 12061537 1281149134 5428916348 0 46868708 766342712 54893 
com.querydsl.core.serialization.JavaTemplatesTest.mappings 1019271841 4608670 191690582 888912547 0 5915030 316683362 11100 
com.querydsl.core.serialization.JavaTemplatesTest.mappings 8014249655 18260900 1438183131 6447558518 0 51575993 1247479632 69773 
com.querydsl.core.serialization.JavaTemplatesTest.mappings 7779570345 15379680 1397377701 5957497024 0 49523095 1045015099 62934 
com.querydsl.core.serialization.JavaTemplatesTest.mappings 7534361230 13970544 1346290204 5740449827 0 48638326 961591377 60946 
com.querydsl.core.serialization.JavaTemplatesTest.mappings 1156873624 5496311 221002233 990023989 0 6663012 343531547 14522 
com.querydsl.core.serialization.JavaTemplatesTest.mappings 8175449815 18636001 1469125521 6494269875 0 51937151 1283191449 72344 
com.querydsl.core.serialization.JavaTemplatesTest.mappings 1300521341 6768439 247516356 1174886295 0 7915212 425117281 15702 
com.querydsl.core.serialization.JavaTemplatesTest.mappings 7495845541 14217634 1339485591 5817764704 0 48531873 917260018 67098 
