com.querydsl.sql.DerbyTemplatesTest.generic_precedence 318917694113 383731283 58279879519 163601979798 0 137555863 36207456844 375419 
com.querydsl.sql.DerbyTemplatesTest.arithmetic 318921171441 383745157 58280508927 163604316068 0 137566684 36208635617 375419 
com.querydsl.sql.DerbyTemplatesTest.innerJoin 318923466778 383755550 58280930077 163605977094 0 137576346 36209389748 375419 
com.querydsl.sql.DerbyTemplatesTest.noFrom 318925640586 383764248 58281328042 163607310505 0 137584351 36209870984 375419 
com.querydsl.sql.DerbyTemplatesTest.in 318927911238 383774331 58281744148 163608801632 0 137593438 36210440300 375419 
com.querydsl.sql.DerbyTemplatesTest.nextVal 318931853753 383784540 58282464871 163610980810 0 137605147 36210999801 375419 
com.querydsl.sql.DerbyTemplatesTest.union 318934222213 383795599 58282899753 163612586208 0 137615200 36211650800 375419 
com.querydsl.sql.DerbyTemplatesTest.booleanTemplate 318936741541 383807832 58283363528 163614376567 0 137626121 36212413241 375419 
com.querydsl.sql.DerbyTemplatesTest.precedence 318939056978 383815992 58283792436 163615738947 0 137634198 36212819193 375419 
com.querydsl.sql.DerbyTemplatesTest.generic_precedence 320189941935 433566371 58369003857 161463412585 0 144957865 38546906389 375424 
com.querydsl.sql.DerbyTemplatesTest.arithmetic 320194328440 433583302 58369812400 161466436403 0 144970122 38548266515 375424 
com.querydsl.sql.DerbyTemplatesTest.innerJoin 320196762377 433592054 58370257497 161468184836 0 144979367 38549028449 375424 
com.querydsl.sql.DerbyTemplatesTest.noFrom 320199102749 433599749 58370684716 161469632252 0 144987137 38549555374 375424 
com.querydsl.sql.DerbyTemplatesTest.in 320201503687 433608423 58371123692 161471170385 0 144995696 38550135702 375424 
com.querydsl.sql.DerbyTemplatesTest.nextVal 320205996952 433619242 58371949496 161473764475 0 145008763 38550937843 375424 
com.querydsl.sql.DerbyTemplatesTest.union 320208410592 433628801 58372389861 161475389171 0 145018183 38551590303 375424 
com.querydsl.sql.DerbyTemplatesTest.booleanTemplate 320211029611 433640436 58372871569 161477244760 0 145028538 38552406377 375424 
com.querydsl.sql.DerbyTemplatesTest.precedence 320213484568 433647584 58373324517 161478709305 0 145036383 38552852385 375424 
com.querydsl.sql.DerbyTemplatesTest.generic_precedence 321290951114 371238530 58314090146 159852616650 0 134293474 36604084275 369079 
com.querydsl.sql.DerbyTemplatesTest.arithmetic 321294758757 371253063 58314778468 159855125763 0 134304520 36605222489 369079 
com.querydsl.sql.DerbyTemplatesTest.innerJoin 321297343082 371262455 58315251809 159856966849 0 134314511 36605973535 369079 
com.querydsl.sql.DerbyTemplatesTest.noFrom 321299777924 371270368 58315696749 159858523469 0 134322766 36606574179 369079 
com.querydsl.sql.DerbyTemplatesTest.in 321302324454 371280014 58316162976 159860300036 0 134332263 36607352385 369079 
com.querydsl.sql.DerbyTemplatesTest.nextVal 321306478670 371289758 58316923385 159862664929 0 134344496 36608006818 369079 
com.querydsl.sql.DerbyTemplatesTest.union 321309201837 371300278 58317422453 159864535145 0 134355373 36608768199 369079 
com.querydsl.sql.DerbyTemplatesTest.booleanTemplate 321311978128 371312737 58317934151 159866596679 0 134366923 36609722319 369079 
com.querydsl.sql.DerbyTemplatesTest.precedence 321314830245 371320780 58318458661 159868309409 0 134376617 36610199048 369079 
com.querydsl.sql.DerbyTemplatesTest.booleanTemplate 64759145 149164 12925443 44966818 0 251552 14636500 56 
com.querydsl.sql.DerbyTemplatesTest.arithmetic 80147321 225734 15661604 59026066 0 331902 22132019 60 
com.querydsl.sql.DerbyTemplatesTest.noFrom 87880263 247531 17023204 64858724 0 355372 25441685 61 
com.querydsl.sql.DerbyTemplatesTest.union 103400115 292140 20059216 76610782 0 412148 30622068 75 
com.querydsl.sql.DerbyTemplatesTest.precedence 109756374 306696 21188156 80600870 0 430029 32279742 75 
com.querydsl.sql.DerbyTemplatesTest.in 124362995 362133 23944246 92878760 0 511880 37533286 89 
com.querydsl.sql.DerbyTemplatesTest.generic_precedence 141203844 409608 26911536 105585914 0 602198 42202051 90 
com.querydsl.sql.DerbyTemplatesTest.nextVal 153375707 434277 29110153 113369857 0 635528 45409720 92 
com.querydsl.sql.DerbyTemplatesTest.innerJoin 160744524 459030 30414230 119093811 0 661674 48510910 93 
