com.querydsl.sql.SelectTeradataBase.setQueryBand_forTransaction 422963441 1346801 79531545 326203693 0 1906326 128335827 4379 
com.querydsl.sql.SelectTeradataBase.setQueryBand_forSession 424065699 1354144 79732645 327309488 0 1913519 128996026 4399 
com.querydsl.sql.SelectTeradataBase.setQueryBand_forSession 318912354223 383709321 58278883194 163597875748 0 137532067 36205302144 375419 
com.querydsl.sql.SelectTeradataBase.setQueryBand_forTransaction 318913653838 383719812 58279131454 163599258290 0 137543602 36206071719 375419 
com.querydsl.sql.SelectTeradataBase.setQueryBand_forTransaction 403261844 1819331 76286034 443476350 0 2245215 134317400 4211 
com.querydsl.sql.SelectTeradataBase.setQueryBand_forSession 404355582 1828284 76485538 445062497 0 2254129 134965907 4232 
com.querydsl.sql.SelectTeradataBase.setQueryBand_forSession 320184563337 433546553 58368007293 161458988967 0 144937473 38544920907 375424 
com.querydsl.sql.SelectTeradataBase.setQueryBand_forTransaction 320185832117 433556668 58368250048 161460628531 0 144946623 38545676210 375424 
com.querydsl.sql.SelectTeradataBase.setQueryBand_forTransaction 423536456 1446598 79448698 355900291 0 1934194 139568248 4458 
com.querydsl.sql.SelectTeradataBase.setQueryBand_forSession 424832380 1454246 79685748 357051224 0 1941298 140158699 4478 
com.querydsl.sql.SelectTeradataBase.setQueryBand_forTransaction 427306972 1498007 80163076 353697814 0 1980390 141695688 4458 
com.querydsl.sql.SelectTeradataBase.setQueryBand_forSession 428525561 1506227 80388348 354962187 0 1987714 142374041 4478 
com.querydsl.sql.SelectTeradataBase.setQueryBand_forTransaction 418665565 1374781 78797935 335189915 0 1955397 137641481 4453 
com.querydsl.sql.SelectTeradataBase.setQueryBand_forSession 419748445 1382488 78996445 336255929 0 1962636 138187035 4474 
com.querydsl.sql.SelectTeradataBase.setQueryBand_forTransaction 420634298 1334437 78960163 325042330 0 1907749 128112603 4519 
com.querydsl.sql.SelectTeradataBase.setQueryBand_forSession 421817081 1341772 79180386 326120905 0 1915609 128569546 4540 
com.querydsl.sql.SelectTeradataBase.setQueryBand_forSession 321285536165 371219195 58313085211 159848677346 0 134272487 36602325090 369079 
com.querydsl.sql.SelectTeradataBase.setQueryBand_forTransaction 321286830486 371229023 58313331164 159849979336 0 134282068 36603059141 369079 
com.querydsl.sql.SelectTeradataBase.setQueryBand_forSession 320557057522 412444321 58975275141 157953721878 0 144174054 38475904200 410777 
com.querydsl.sql.SelectTeradataBase.setQueryBand_forTransaction 320558289351 412450514 58975510959 157954686574 0 144178985 38476295849 410777 
