com.querydsl.sql.CUBRIDTemplatesTest.booleanTemplate 2675925776 10646457 518701468 2451223647 0 15414320 792108524 19246 
com.querydsl.sql.CUBRIDTemplatesTest.arithmetic 2681157376 10689993 519653081 2457990460 0 15446076 794742665 19247 
com.querydsl.sql.CUBRIDTemplatesTest.innerJoin 2684444107 10703145 520247489 2461328040 0 15459034 795703911 19247 
com.querydsl.sql.CUBRIDTemplatesTest.noFrom 2687729705 10715669 520842879 2464549081 0 15471413 796481791 19247 
com.querydsl.sql.CUBRIDTemplatesTest.union 2691235420 10732457 521477792 2468183440 0 15486677 797522378 19247 
com.querydsl.sql.CUBRIDTemplatesTest.in 2694735655 10746212 522113549 2470532977 0 15501559 798381519 19248 
com.querydsl.sql.CUBRIDTemplatesTest.generic_precedence 2700561113 10758996 523166198 2473868621 0 15515983 799278680 19248 
com.querydsl.sql.CUBRIDTemplatesTest.booleanTemplate 2673727338 10318352 518555910 2420546803 0 15243696 781579746 19473 
com.querydsl.sql.CUBRIDTemplatesTest.arithmetic 2679007893 10352380 519510959 2424726313 0 15268995 783559874 19473 
com.querydsl.sql.CUBRIDTemplatesTest.innerJoin 2682371541 10362533 520114967 2426775571 0 15280556 784269980 19473 
com.querydsl.sql.CUBRIDTemplatesTest.noFrom 2685703479 10372636 520714156 2428735394 0 15291097 784874312 19473 
com.querydsl.sql.CUBRIDTemplatesTest.union 2689290748 10385596 521359576 2431021887 0 15304351 785651082 19473 
com.querydsl.sql.CUBRIDTemplatesTest.in 2692918359 10398083 522013013 2433337065 0 15318497 786397980 19473 
com.querydsl.sql.CUBRIDTemplatesTest.generic_precedence 2699102759 10412143 523128550 2436973485 0 15333379 787524232 19473 
com.querydsl.sql.CUBRIDTemplatesTest.booleanTemplate 2711773566 9291900 525209627 2102923620 0 14718984 693925003 19358 
com.querydsl.sql.CUBRIDTemplatesTest.arithmetic 2716784773 9327356 526114864 2107253947 0 14745933 696087958 19358 
com.querydsl.sql.CUBRIDTemplatesTest.innerJoin 2720154600 9337774 526718972 2109393517 0 14757780 696788802 19358 
com.querydsl.sql.CUBRIDTemplatesTest.noFrom 2723704609 9349489 527356946 2111664733 0 14769962 697465092 19358 
com.querydsl.sql.CUBRIDTemplatesTest.union 2727303312 9363844 528007106 2114176008 0 14784482 698346155 19358 
com.querydsl.sql.CUBRIDTemplatesTest.in 2730738614 9376957 528629678 2116493608 0 14798479 699114916 19359 
com.querydsl.sql.CUBRIDTemplatesTest.generic_precedence 2737649397 9391841 529874680 2120597948 0 14817141 700276686 19361 
com.querydsl.sql.CUBRIDTemplatesTest.union 2847538449 7208810 570234714 1877027810 0 11402233 533651463 3276 
com.querydsl.sql.CUBRIDTemplatesTest.booleanTemplate 2852419513 7225209 571086158 1880685846 0 11426011 534992353 3276 
com.querydsl.sql.CUBRIDTemplatesTest.in 2857217242 7239011 571920693 1884026701 0 11448322 535964561 3276 
com.querydsl.sql.CUBRIDTemplatesTest.innerJoin 2861771830 7250938 572712391 1887076635 0 11468465 536763985 3276 
com.querydsl.sql.CUBRIDTemplatesTest.generic_precedence 2869182045 7268386 574011598 1891717367 0 11492137 538082601 3277 
com.querydsl.sql.CUBRIDTemplatesTest.noFrom 2873543939 7279911 574773610 1894645163 0 11511343 538911108 3277 
com.querydsl.sql.CUBRIDTemplatesTest.arithmetic 2879474543 7310450 575829770 1899399187 0 11541829 540958768 3277 
