com.querydsl.sql.SQLServer2012TemplatesTest.limitOffset 322445188304 403250853 58970345023 166812341227 0 159505494 37460218023 377791 
com.querydsl.sql.SQLServer2012TemplatesTest.union 322447823484 403260314 58970820545 166813980857 0 159514742 37460835492 377791 
com.querydsl.sql.SQLServer2012TemplatesTest.in 322450308669 403268455 58971267260 166815407130 0 159522703 37461269136 377791 
com.querydsl.sql.SQLServer2012TemplatesTest.nextVal 322452758041 403275531 58971707683 166816746135 0 159529515 37461645282 377791 
com.querydsl.sql.SQLServer2012TemplatesTest.update_limit 322457340666 403286835 58972528533 166819203196 0 159541545 37462318568 377792 
com.querydsl.sql.SQLServer2012TemplatesTest.generic_precedence 322462597714 403296645 58973462357 166822064417 0 159554244 37463033559 377792 
com.querydsl.sql.SQLServer2012TemplatesTest.booleanTemplate 322465100631 403305066 58973911507 166823537272 0 159562460 37463532430 377792 
com.querydsl.sql.SQLServer2012TemplatesTest.delete_limit 322469615079 403315688 58974718542 166825892423 0 159574427 37464147590 377792 
com.querydsl.sql.SQLServer2012TemplatesTest.noFrom 322472023008 403322745 58975150544 166827186505 0 159581230 37464490767 377792 
com.querydsl.sql.SQLServer2012TemplatesTest.limit 322474475905 403330651 58975591093 166828573142 0 159588407 37464897604 377792 
com.querydsl.sql.SQLServer2012TemplatesTest.modifiers 322476918622 403338513 58976029715 166829938489 0 159595463 37465324915 377792 
com.querydsl.sql.SQLServer2012TemplatesTest.arithmetic 322479675591 403346741 58976523928 166831507260 0 159602844 37465821846 377792 
com.querydsl.sql.SQLServer2012TemplatesTest.innerJoin 322482127553 403354047 58976964157 166832817906 0 159609643 37466182023 377792 
com.querydsl.sql.SQLServer2012TemplatesTest.arithmetic 323453696564 426350258 59538505189 160361229275 0 162115210 39455422163 413264 
com.querydsl.sql.SQLServer2012TemplatesTest.update_limit 323461618410 426364007 59539909082 160365813820 0 162132895 39456913769 413264 
com.querydsl.sql.SQLServer2012TemplatesTest.delete_limit 323469443411 426376722 59541293424 160370104749 0 162149418 39458179801 413264 
com.querydsl.sql.SQLServer2012TemplatesTest.union 323473895889 426388368 59542090638 160372936547 0 162161462 39459299703 413264 
com.querydsl.sql.SQLServer2012TemplatesTest.booleanTemplate 323478154548 426398964 59542848853 160375520555 0 162172515 39460255947 413264 
com.querydsl.sql.SQLServer2012TemplatesTest.limitOffset 323482528386 426409641 59543631837 160378173034 0 162184103 39461231302 413264 
com.querydsl.sql.SQLServer2012TemplatesTest.in 323486799179 426419667 59544391547 160380683803 0 162195225 39461972254 413264 
com.querydsl.sql.SQLServer2012TemplatesTest.noFrom 323490862428 426427982 59545112754 160382897746 0 162204791 39462469515 413264 
com.querydsl.sql.SQLServer2012TemplatesTest.limit 323495309192 426437753 59545909683 160385389737 0 162215234 39463123365 413264 
com.querydsl.sql.SQLServer2012TemplatesTest.generic_precedence 323500935198 426446782 59546917084 160388318657 0 162226166 39463751535 413264 
com.querydsl.sql.SQLServer2012TemplatesTest.nextVal 323505065413 426455571 59547651637 160390716203 0 162235882 39464424076 413264 
com.querydsl.sql.SQLServer2012TemplatesTest.modifiers 323509162510 426464815 59548378988 160393053950 0 162245478 39465115240 413264 
com.querydsl.sql.SQLServer2012TemplatesTest.innerJoin 323513271796 426473641 59549108652 160395313863 0 162254717 39465689256 413264 
