com.querydsl.sql.SelectWindowFunctionsBase.windowFunctions_partitionBy 320717079652 394258832 58637046700 165290283787 0 151961673 36844919077 377548 
com.querydsl.sql.SelectWindowFunctionsBase.windowFunctions_oracle 320719136434 394275764 58637440059 165293191662 0 151978231 36846284452 377548 
com.querydsl.sql.SelectWindowFunctionsBase.windowFunctions_over 320720936381 394291102 58637781582 165295683707 0 151993738 36847295786 377548 
com.querydsl.sql.SelectWindowFunctionsBase.windowFunctions 320723165345 394308266 58638208146 165298708865 0 152011093 36848454709 377548 
com.querydsl.sql.SelectWindowFunctionsBase.windowFunctions_regr 320725025586 394324311 58638561752 165301257041 0 152026823 36849399765 377548 
com.querydsl.sql.SelectWindowFunctionsBase.windowFunctions_manual_paging 320726847204 394340161 58638908732 165303847967 0 152043252 36850434610 377548 
com.querydsl.sql.SelectWindowFunctionsBase.windowFunctions_orderBy 320728654708 394354676 58639251239 165306299784 0 152059208 36851263592 377549 
com.querydsl.sql.SelectWindowFunctionsBase.windowFunctions_qualify 320731985668 394377892 58639904179 165310629577 0 152082724 36852992474 377550 
com.querydsl.sql.SelectWindowFunctionsBase.windowFunctions_unboundedRows 320733799969 394395953 58640250077 165313328471 0 152100189 36854191444 377550 
com.querydsl.sql.SelectWindowFunctionsBase.windowFunctions_keep 320735548518 394412647 58640585062 165315815799 0 152116619 36855178889 377550 
com.querydsl.sql.SelectWindowFunctionsBase.windowFunctions_partitionBy 322003482737 443794984 58728475021 163115729580 0 159119370 39204994260 377505 
com.querydsl.sql.SelectWindowFunctionsBase.windowFunctions_oracle 322005280360 443808514 58728818046 163117471226 0 159132517 39205971571 377505 
com.querydsl.sql.SelectWindowFunctionsBase.windowFunctions_over 322007149986 443822048 58729173961 163119202664 0 159145909 39206769043 377505 
com.querydsl.sql.SelectWindowFunctionsBase.windowFunctions 322009217020 443835934 58729569471 163121091814 0 159160007 39207707299 377505 
com.querydsl.sql.SelectWindowFunctionsBase.windowFunctions_regr 322011165637 443849608 58729941013 163122856701 0 159173590 39208433747 377505 
com.querydsl.sql.SelectWindowFunctionsBase.windowFunctions_manual_paging 322013071408 443864395 58730305133 163124759089 0 159188274 39209394179 377505 
com.querydsl.sql.SelectWindowFunctionsBase.windowFunctions_orderBy 322014773444 443877412 58730628746 163126374863 0 159201314 39210153191 377506 
com.querydsl.sql.SelectWindowFunctionsBase.windowFunctions_qualify 322017511560 443894617 58731165411 163129024899 0 159220521 39211493412 377506 
com.querydsl.sql.SelectWindowFunctionsBase.windowFunctions_unboundedRows 322019269827 443907667 58731502482 163130751748 0 159234320 39212410558 377506 
com.querydsl.sql.SelectWindowFunctionsBase.windowFunctions_keep 322020964022 443920435 58731828382 163132414701 0 159246921 39213249751 377506 
com.querydsl.sql.SelectWindowFunctionsBase.windowFunctions_partitionBy 323107328473 381869634 58674262803 161568885544 0 148808040 37293694187 371155 
com.querydsl.sql.SelectWindowFunctionsBase.windowFunctions_oracle 323109192275 381886834 58674616880 161571438015 0 148823256 37294892866 371155 
com.querydsl.sql.SelectWindowFunctionsBase.windowFunctions_over 323111118660 381903918 58674981992 161574000392 0 148839545 37295932387 371155 
com.querydsl.sql.SelectWindowFunctionsBase.windowFunctions 323113346259 381924461 58675406801 161577091651 0 148856948 37297330197 371155 
com.querydsl.sql.SelectWindowFunctionsBase.windowFunctions_regr 323115205378 381940449 58675759046 161579572764 0 148872527 37298280625 371155 
com.querydsl.sql.SelectWindowFunctionsBase.windowFunctions_manual_paging 323117085674 381959284 58676116014 161582290325 0 148888911 37299488752 371155 
com.querydsl.sql.SelectWindowFunctionsBase.windowFunctions_orderBy 323118793563 381975059 58676440298 161584651391 0 148904417 37300409652 371155 
com.querydsl.sql.SelectWindowFunctionsBase.windowFunctions_qualify 323122028501 381996998 58677075464 161588825326 0 148927340 37302160057 371155 
com.querydsl.sql.SelectWindowFunctionsBase.windowFunctions_unboundedRows 323123818292 382012545 58677416270 161591358169 0 148943985 37303186710 371155 
com.querydsl.sql.SelectWindowFunctionsBase.windowFunctions_keep 323125558545 382027285 58677749075 161593729852 0 148959544 37304191809 371155 
com.querydsl.sql.SelectWindowFunctionsBase.windowFunctions_partitionBy 320476072243 412068681 58960154427 157889090606 0 143857727 38445596997 410761 
com.querydsl.sql.SelectWindowFunctionsBase.windowFunctions_keep 320478511051 412082967 58960637716 157891693974 0 143873221 38446918550 410762 
com.querydsl.sql.SelectWindowFunctionsBase.windowFunctions_regr 320480235566 412092788 58960968488 157893163596 0 143882296 38447520723 410763 
com.querydsl.sql.SelectWindowFunctionsBase.windowFunctions_over 320481824027 412102575 58961270072 157894519555 0 143890486 38448067581 410763 
com.querydsl.sql.SelectWindowFunctionsBase.windowFunctions_orderBy 320483308511 412111712 58961552875 157895737569 0 143898344 38448518629 410763 
com.querydsl.sql.SelectWindowFunctionsBase.windowFunctions_unboundedRows 320486859366 412129698 58962275302 157899129304 0 143917898 38450004990 410766 
com.querydsl.sql.SelectWindowFunctionsBase.windowFunctions_manual_paging 320488486973 412140084 58962585701 157900669278 0 143927301 38450815099 410766 
com.querydsl.sql.SelectWindowFunctionsBase.windowFunctions_oracle 320489935904 412148457 58962862271 157901822746 0 143934434 38451269657 410766 
com.querydsl.sql.SelectWindowFunctionsBase.windowFunctions_qualify 320492254702 412161162 58963320987 157903866896 0 143947380 38452267332 410766 
com.querydsl.sql.SelectWindowFunctionsBase.windowFunctions 320494040338 412170882 58963663776 157905330722 0 143956176 38452885963 410766 
