com.querydsl.sql.LikeEscapeBase.like_with_escape 946894454 3135549 178224227 732102060 0 4263986 288691902 8706 
com.querydsl.sql.LikeEscapeBase.like 948748213 3145860 178564506 733673580 0 4273916 289390489 8738 
com.querydsl.sql.LikeEscapeBase.like_escaping_conclusion 950465437 3155235 178880697 735029438 0 4282471 289953681 8769 
com.querydsl.sql.LikeEscapeBase.like_with_escape 320709146316 394193214 58635545889 165279528126 0 151897426 36840301588 377548 
com.querydsl.sql.LikeEscapeBase.like 320712092794 394216673 58636102053 165283408333 0 151920840 36841989438 377548 
com.querydsl.sql.LikeEscapeBase.like_escaping_conclusion 320715070709 394240537 58636664694 165287182428 0 151943978 36843385072 377548 
com.querydsl.sql.LikeEscapeBase.like_with_escape 917305882 3848372 173491830 893899974 0 4709616 297005916 8525 
com.querydsl.sql.LikeEscapeBase.like 918976282 3858060 173797649 895258643 0 4718329 297601749 8555 
com.querydsl.sql.LikeEscapeBase.like_escaping_conclusion 920675225 3867841 174109338 896599153 0 4726385 298170003 8586 
com.querydsl.sql.LikeEscapeBase.like_with_escape 321995474385 443742947 58726958943 163108536301 0 159068432 39201137979 377505 
com.querydsl.sql.LikeEscapeBase.like 321998402032 443761297 58727512686 163111030298 0 159086632 39202430710 377505 
com.querydsl.sql.LikeEscapeBase.like_escaping_conclusion 322001332836 443779327 58728066903 163113411527 0 159103574 39203568256 377505 
com.querydsl.sql.LikeEscapeBase.like_with_escape 949542057 3325413 178473561 772498334 0 4309730 302849238 8789 
com.querydsl.sql.LikeEscapeBase.like 951272361 3334907 178791100 773994279 0 4318844 303522416 8820 
com.querydsl.sql.LikeEscapeBase.like_escaping_conclusion 952982223 3343903 179105508 775360806 0 4326994 304077404 8851 
com.querydsl.sql.LikeEscapeBase.like_with_escape 952387539 3360655 179093951 765869536 0 4350721 302451016 8785 
com.querydsl.sql.LikeEscapeBase.like 954129928 3370190 179414025 767337914 0 4359950 303063666 8816 
com.querydsl.sql.LikeEscapeBase.like_escaping_conclusion 955849948 3379542 179730573 768741565 0 4368475 303626370 8847 
com.querydsl.sql.LikeEscapeBase.like_with_escape 940481722 3197686 177154141 743530987 0 4305220 297984218 8783 
com.querydsl.sql.LikeEscapeBase.like 942219263 3207668 177473695 745031060 0 4314505 298670803 8813 
com.querydsl.sql.LikeEscapeBase.like_escaping_conclusion 943894180 3217025 177782594 746374713 0 4322721 299238558 8844 
com.querydsl.sql.LikeEscapeBase.like_with_escape 941105483 3160978 177302537 728691259 0 4245305 284292347 8852 
com.querydsl.sql.LikeEscapeBase.like 942730629 3169878 177606749 730117365 0 4254423 284868163 8883 
com.querydsl.sql.LikeEscapeBase.like_escaping_conclusion 944246782 3177994 177891669 731364262 0 4262262 285306598 8914 
com.querydsl.sql.LikeEscapeBase.like_with_escape 323099281481 381800111 58672743562 161558106325 0 148746981 37288428246 371155 
com.querydsl.sql.LikeEscapeBase.like 323102283663 381826677 58673308625 161561999366 0 148769227 37290317479 371155 
com.querydsl.sql.LikeEscapeBase.like_escaping_conclusion 323105319175 381850623 58673881060 161565815022 0 148791155 37292007038 371155 
com.querydsl.sql.LikeEscapeBase.like 320393397760 411718693 58945057087 157829743818 0 143544498 38421245062 410755 
com.querydsl.sql.LikeEscapeBase.like_escaping_conclusion 320395561025 411729467 58945472305 157831254554 0 143552640 38421748125 410755 
com.querydsl.sql.LikeEscapeBase.like_with_escape 320397689344 411739413 58945880826 157832674300 0 143559966 38422196383 410755 
