com.querydsl.core.TemplatesTestBase.default_instance 7663047863 15002291 1369262323 5834830391 0 49038488 917384913 66534 
com.querydsl.core.TemplatesTestBase.default_instance 7665293530 14903896 1374925709 5861730558 0 49090766 976368466 67796 
com.querydsl.core.TemplatesTestBase.default_instance 7655327109 15556369 1371011819 6017080457 0 49739293 996635638 67805 
com.querydsl.core.TemplatesTestBase.default_instance 786653670 3331444 146976121 647513445 0 3631778 237998357 12435 
com.querydsl.core.TemplatesTestBase.default_instance 7339666941 12483053 1308729593 5543935650 0 47384117 795146524 57233 
com.querydsl.core.TemplatesTestBase.default_instance 8018427809 16494657 1432648856 6198443697 0 50868522 1091508901 73380 
com.querydsl.core.TemplatesTestBase.default_instance 7720941783 16159607 1383650015 6149595476 0 50024269 1075519709 65286 
com.querydsl.core.TemplatesTestBase.default_instance 7563882193 14063985 1356392527 5738573938 0 48143032 932910361 60781 
com.querydsl.core.TemplatesTestBase.default_instance 8017928654 16527768 1437248688 6170855737 0 50726302 1151412989 71383 
com.querydsl.core.TemplatesTestBase.default_instance 587950575 2681107 111171395 493429928 0 3191652 166401249 7718 
com.querydsl.core.TemplatesTestBase.default_instance 8046060940 17708555 1444744280 6355422850 0 51162295 1201161082 70310 
com.querydsl.core.TemplatesTestBase.default_instance 987595823 4650713 188572697 865346553 0 5903795 285627784 11887 
com.querydsl.core.TemplatesTestBase.default_instance 584307684 2805877 110051651 515947321 0 3175407 172513303 7772 
