com.querydsl.sql.FirebirdTemplatesTest.arithmetic 2604724422 10340392 505925739 2373425084 0 15086994 767620961 19238 
com.querydsl.sql.FirebirdTemplatesTest.generic_precedence 2615835949 10384796 507877843 2385458951 0 15132336 771396278 19239 
com.querydsl.sql.FirebirdTemplatesTest.booleanTemplate 2620792663 10406683 508741570 2391197717 0 15156373 773517344 19239 
com.querydsl.sql.FirebirdTemplatesTest.union 2624760231 10427192 509450709 2395750735 0 15177809 775170777 19239 
com.querydsl.sql.FirebirdTemplatesTest.noFrom 2628979927 10442908 510191301 2400087977 0 15196448 776441226 19239 
com.querydsl.sql.FirebirdTemplatesTest.innerJoin 2633220820 10458803 510935014 2404354280 0 15215356 777657259 19239 
com.querydsl.sql.FirebirdTemplatesTest.in 2637722023 10476403 511726940 2409145887 0 15237398 778990396 19239 
com.querydsl.sql.FirebirdTemplatesTest.precedence 2642060614 10490637 512498438 2413323505 0 15253491 780002161 19239 
com.querydsl.sql.FirebirdTemplatesTest.arithmetic 2601983306 10102827 505714769 2372435787 0 14956982 765117681 19465 
com.querydsl.sql.FirebirdTemplatesTest.generic_precedence 2612485274 10123296 507546790 2378822619 0 14989207 767315788 19466 
com.querydsl.sql.FirebirdTemplatesTest.booleanTemplate 2617763339 10141646 508482476 2382624987 0 15011564 768931624 19466 
com.querydsl.sql.FirebirdTemplatesTest.union 2621767799 10155135 509194864 2385404531 0 15030291 769999296 19466 
com.querydsl.sql.FirebirdTemplatesTest.noFrom 2625854935 10165472 509912481 2387865967 0 15046172 770717213 19466 
com.querydsl.sql.FirebirdTemplatesTest.innerJoin 2630014078 10177057 510643091 2390471588 0 15062748 771580361 19466 
com.querydsl.sql.FirebirdTemplatesTest.in 2634488349 10191151 511431299 2393419695 0 15082402 772591032 19466 
com.querydsl.sql.FirebirdTemplatesTest.precedence 2638753233 10201137 512187446 2395897720 0 15097992 773211625 19466 
com.querydsl.sql.FirebirdTemplatesTest.arithmetic 2638546071 9071758 512097541 2053676092 0 14416362 677714847 19352 
com.querydsl.sql.FirebirdTemplatesTest.generic_precedence 2650147650 9094491 514117068 2060573214 0 14456322 679754986 19353 
com.querydsl.sql.FirebirdTemplatesTest.booleanTemplate 2655507229 9112599 515068829 2064265670 0 14479818 681119329 19353 
com.querydsl.sql.FirebirdTemplatesTest.union 2659516989 9125906 515783155 2067045988 0 14499563 682131016 19353 
com.querydsl.sql.FirebirdTemplatesTest.noFrom 2663853792 9137412 516545581 2069757527 0 14517797 682893991 19353 
com.querydsl.sql.FirebirdTemplatesTest.innerJoin 2668002756 9148399 517273541 2072281165 0 14534992 683622002 19353 
com.querydsl.sql.FirebirdTemplatesTest.in 2672334363 9161776 518036292 2075050182 0 14554495 684454939 19353 
com.querydsl.sql.FirebirdTemplatesTest.precedence 2676622257 9171793 518795847 2077534481 0 14570816 685046447 19353 
com.querydsl.sql.FirebirdTemplatesTest.innerJoin 320811657832 413575466 59022401347 158139299283 0 145110467 38556432161 410812 
com.querydsl.sql.FirebirdTemplatesTest.generic_precedence 320815765069 413583243 59023144121 158141496609 0 145119368 38557002265 410812 
com.querydsl.sql.FirebirdTemplatesTest.union 320818423477 413592530 59023623631 158143337287 0 145128404 38557841240 410812 
com.querydsl.sql.FirebirdTemplatesTest.precedence 320821103554 413598949 59024110881 158144788519 0 145135294 38558180200 410812 
com.querydsl.sql.FirebirdTemplatesTest.noFrom 320823673238 413606191 59024571384 158146205384 0 145141876 38558596868 410812 
com.querydsl.sql.FirebirdTemplatesTest.in 320826289758 413614354 59025040623 158147740533 0 145149243 38559080329 410812 
com.querydsl.sql.FirebirdTemplatesTest.booleanTemplate 320828896633 413622333 59025507881 158149271034 0 145156453 38559579630 410812 
com.querydsl.sql.FirebirdTemplatesTest.arithmetic 320831492855 413629554 59025973374 158150707806 0 145163154 38559963609 410812 
