com.querydsl.sql.InsertBase.insert_null_with_columns 372600557 1641447 70364156 355851973 0 1970506 120535860 3598 
com.querydsl.sql.InsertBase.insert_nulls_in_batch 374469300 1651654 70707784 357342930 0 1980891 121137555 3635 
com.querydsl.sql.InsertBase.insert_without_columns 376458671 1663166 71075329 359120317 0 1991719 121793319 3677 
com.querydsl.sql.InsertBase.complex1 378968439 1678540 71543462 361753279 0 2008607 123165828 3725 
com.querydsl.sql.InsertBase.insert_dates 380893337 1691321 71897979 363779525 0 2019851 123901948 3765 
com.querydsl.sql.InsertBase.insert_with_subQuery_Params 382891912 1705406 72266824 366030673 0 2031943 124720697 3808 
com.querydsl.sql.InsertBase.insert_alternative_syntax 384942346 1716092 72644710 367662453 0 2042677 125337926 3850 
com.querydsl.sql.InsertBase.replace 386851742 1725902 72996521 369127982 0 2051723 125916937 3891 
com.querydsl.sql.InsertBase.insert_with_set 388715073 1737123 73339432 370847065 0 2061720 126598193 3927 
com.querydsl.sql.InsertBase.insert_batch_to_bulk 390641272 1747618 73694687 372395570 0 2071374 127234782 3967 
com.querydsl.sql.InsertBase.insert_with_subQuery_Without_Columns 392515415 1759388 74039554 374194177 0 2081401 127914974 4004 
com.querydsl.sql.InsertBase.like 394373830 1770544 74381544 375904038 0 2091847 128527617 4042 
com.querydsl.sql.InsertBase.like_with_escape 396191195 1780499 74715415 377354446 0 2101262 129110026 4076 
com.querydsl.sql.InsertBase.insert_with_keys 398144082 1789917 75075669 378792860 0 2109934 129651473 4119 
com.querydsl.sql.InsertBase.insert_with_tempateExpression_in_batch 400039794 1801522 75424736 380613847 0 2120491 130313403 4153 
com.querydsl.sql.InsertBase.insert_batch_Templates 403603768 1821568 76060242 384294898 0 2145174 131750142 4199 
com.querydsl.sql.InsertBase.insert_with_keys_Projected2 405528486 1832435 76418364 385944445 0 2155753 132377419 4242 
com.querydsl.sql.InsertBase.insert_with_subQuery_Via_Constructor 407300633 1842585 76747989 387456212 0 2165545 132939401 4281 
com.querydsl.sql.InsertBase.insert_with_keys_OverriddenColumn 409323513 1852399 77126044 389084021 0 2176602 133509045 4323 
com.querydsl.sql.InsertBase.uuids 411040403 1862271 77445720 390485714 0 2185401 134035312 4360 
com.querydsl.sql.InsertBase.insertBatch_with_subquery 412814038 1871446 77776143 391849096 0 2194090 134533419 4401 
com.querydsl.sql.InsertBase.insert_with_subQuery2 414599917 1880606 78108898 393203399 0 2202314 135036098 4443 
com.querydsl.sql.InsertBase.insert_with_columns 416348627 1889760 78434948 394572541 0 2210483 135530751 4483 
com.querydsl.sql.InsertBase.xml 418059938 1902287 78754532 396528574 0 2221578 136221856 4519 
com.querydsl.sql.InsertBase.insert_with_special_options 419778411 1912018 79075138 398005805 0 2231630 136743994 4557 
com.querydsl.sql.InsertBase.insert_null_without_columns 421429923 1921162 79382045 399318969 0 2240333 137231174 4591 
com.querydsl.sql.InsertBase.insert_with_subQuery3 423252178 1931421 79721707 400874152 0 2249749 137773322 4634 
com.querydsl.sql.InsertBase.insert_without_values 424926282 1940422 80033766 402165739 0 2258001 138249179 4672 
com.querydsl.sql.InsertBase.insert_with_subQuery 426587176 1950520 80345909 403643809 0 2267308 138765652 4708 
com.querydsl.sql.InsertBase.insert_with_keys_listener 428179073 1959016 80641860 404880397 0 2275595 139199501 4744 
com.querydsl.sql.InsertBase.insert_batch 429889302 1970388 80963355 406592006 0 2285444 139779640 4783 
com.querydsl.sql.InsertBase.insert_with_keys_Projected 431632235 1983430 81291654 408802755 0 2297689 140468896 4823 
com.querydsl.sql.InsertBase.insert_batch2 433235526 1994970 81594504 410846641 0 2309429 141076262 4859 
com.querydsl.sql.InsertBase.insert_null_with_columns 365041285 1602771 69121527 378656641 0 1997280 120419299 3595 
com.querydsl.sql.InsertBase.insert_nulls_in_batch 366932996 1615752 69469506 380957860 0 2008867 121231764 3633 
com.querydsl.sql.InsertBase.insert_without_columns 368888513 1628029 69830734 383285836 0 2020289 122010885 3674 
com.querydsl.sql.InsertBase.complex1 371386313 1647048 70296933 386961866 0 2037922 123620444 3723 
com.querydsl.sql.InsertBase.insert_dates 373299904 1659850 70649677 389257853 0 2049258 124420555 3763 
com.querydsl.sql.InsertBase.insert_with_subQuery_Params 375297350 1671951 71018647 391679177 0 2061061 125159830 3806 
com.querydsl.sql.InsertBase.insert_alternative_syntax 377354479 1684254 71398275 394143209 0 2072940 125892553 3848 
com.querydsl.sql.InsertBase.replace 379258741 1695785 71749212 396368791 0 2084319 126586660 3888 
com.querydsl.sql.InsertBase.insert_with_set 381167781 1708754 72100672 398676424 0 2095846 127368442 3925 
com.querydsl.sql.InsertBase.insert_batch_to_bulk 383067057 1720354 72452590 400975080 0 2107412 128079841 3964 
com.querydsl.sql.InsertBase.insert_with_subQuery_Without_Columns 384942445 1733623 72799197 403262835 0 2118679 128911925 4002 
com.querydsl.sql.InsertBase.like 386803226 1746361 73142939 405494748 0 2129576 129670019 4040 
com.querydsl.sql.InsertBase.like_with_escape 388612045 1758373 73477083 407749450 0 2140837 130379235 4074 
com.querydsl.sql.InsertBase.insert_with_keys 390559436 1769530 73838253 410082325 0 2152403 131043139 4116 
com.querydsl.sql.InsertBase.insert_with_tempateExpression_in_batch 392368750 1780880 74172480 412283195 0 2163740 131723607 4151 
com.querydsl.sql.InsertBase.insert_batch_Templates 395916830 1803782 74805738 417325894 0 2189982 133586405 4196 
com.querydsl.sql.InsertBase.insert_with_keys_Projected2 397804917 1815490 75157521 419700808 0 2201751 134358208 4239 
com.querydsl.sql.InsertBase.insert_with_subQuery_Via_Constructor 399591761 1826392 75490099 421870542 0 2212942 135001518 4278 
com.querydsl.sql.InsertBase.insert_with_keys_OverriddenColumn 401641996 1837991 75876446 424414381 0 2226491 135690314 4320 
com.querydsl.sql.InsertBase.uuids 403315235 1847933 76186992 426397326 0 2236881 136237069 4357 
com.querydsl.sql.InsertBase.insertBatch_with_subquery 405047165 1857830 76511150 428403112 0 2247285 136788085 4397 
com.querydsl.sql.InsertBase.insert_with_subQuery2 406790010 1870494 76837358 430464688 0 2257903 137498211 4440 
com.querydsl.sql.InsertBase.insert_with_columns 408513210 1884179 77160495 432610602 0 2268941 138277500 4480 
com.querydsl.sql.InsertBase.xml 410187315 1897537 77474515 434739876 0 2280414 138999098 4516 
com.querydsl.sql.InsertBase.insert_with_special_options 411902783 1909559 77796402 436968485 0 2293324 139658289 4554 
com.querydsl.sql.InsertBase.insert_null_without_columns 413476791 1919930 78091194 438950582 0 2304760 140217161 4588 
com.querydsl.sql.InsertBase.insert_with_subQuery3 415304483 1930391 78435151 440619693 0 2315913 140745764 4631 
com.querydsl.sql.InsertBase.insert_without_values 416947239 1938892 78745371 441910282 0 2324533 141175701 4669 
com.querydsl.sql.InsertBase.insert_with_subQuery 418486784 1947491 79036583 443157213 0 2332666 141597618 4705 
com.querydsl.sql.InsertBase.insert_with_keys_listener 420046896 1955834 79331540 444373723 0 2340485 142020314 4741 
com.querydsl.sql.InsertBase.insert_batch 421666105 1964849 79638474 445693090 0 2348825 142467377 4780 
com.querydsl.sql.InsertBase.insert_with_keys_Projected 423340396 1973592 79954883 447024614 0 2357257 142918544 4820 
com.querydsl.sql.InsertBase.insert_batch2 424878958 1982175 80246138 448273739 0 2365123 143342416 4856 
com.querydsl.sql.InsertBase.insert_null_with_columns 379753441 1261002 71672040 290369561 0 1846539 99291213 3584 
com.querydsl.sql.InsertBase.insert_nulls_in_batch 381652453 1270716 72021352 291817031 0 1855705 99875598 3621 
com.querydsl.sql.InsertBase.insert_without_columns 383639521 1280580 72388217 293312215 0 1864731 100446333 3663 
com.querydsl.sql.InsertBase.complex1 386247475 1296555 72875067 296053131 0 1881247 101894058 3712 
com.querydsl.sql.InsertBase.insert_dates 388253800 1306944 73244737 297641833 0 1890848 102557778 3752 
com.querydsl.sql.InsertBase.insert_with_subQuery_Params 390273681 1317404 73617422 299226316 0 1900207 103210283 3795 
com.querydsl.sql.InsertBase.insert_alternative_syntax 392321076 1327434 73994700 300768956 0 1909299 103817912 3837 
com.querydsl.sql.InsertBase.replace 394250427 1337170 74350017 302226997 0 1917960 104376761 3877 
com.querydsl.sql.InsertBase.insert_with_set 396126790 1347012 74695774 303668849 0 1926590 104974089 3914 
com.querydsl.sql.InsertBase.insert_batch_to_bulk 398073743 1357465 75055274 305214255 0 1935811 105575497 3953 
com.querydsl.sql.InsertBase.insert_with_subQuery_Without_Columns 399955091 1366996 75401445 306648046 0 1944173 106123764 3991 
com.querydsl.sql.InsertBase.like 401908148 1377431 75762184 308181637 0 1953064 106703952 4029 
com.querydsl.sql.InsertBase.like_with_escape 403701859 1387147 76093512 309594978 0 1961618 107241715 4062 
com.querydsl.sql.InsertBase.insert_with_keys 405664340 1396666 76457484 311070853 0 1970383 107764473 4105 
com.querydsl.sql.InsertBase.insert_with_tempateExpression_in_batch 407425696 1405700 76783103 312403849 0 1978584 108249158 4140 
com.querydsl.sql.InsertBase.insert_batch_Templates 410971878 1424261 77416320 315775553 0 2001040 109624643 4185 
com.querydsl.sql.InsertBase.insert_with_keys_Projected2 412873871 1434591 77770876 317318888 0 2010578 110215016 4228 
com.querydsl.sql.InsertBase.insert_with_subQuery_Via_Constructor 414630956 1443717 78097293 318684975 0 2019299 110713482 4266 
com.querydsl.sql.InsertBase.insert_with_keys_OverriddenColumn 416677747 1453706 78479143 320330124 0 2030147 111290739 4308 
com.querydsl.sql.InsertBase.uuids 418403101 1463191 78799491 321691250 0 2038638 111803601 4345 
com.querydsl.sql.InsertBase.insertBatch_with_subquery 420226661 1472789 79140762 323122522 0 2047391 112323887 4386 
com.querydsl.sql.InsertBase.insert_with_subQuery2 421992682 1481689 79468983 324452779 0 2055540 112793338 4429 
com.querydsl.sql.InsertBase.insert_with_columns 423750107 1490798 79797764 325823865 0 2063805 113279261 4468 
com.querydsl.sql.InsertBase.xml 425442841 1500254 80115452 327193941 0 2072277 113783821 4505 
com.querydsl.sql.InsertBase.insert_with_special_options 427128355 1509207 80431172 328503672 0 2080535 114254319 4542 
com.querydsl.sql.InsertBase.insert_null_without_columns 428735534 1517666 80730864 329731470 0 2088078 114693350 4577 
com.querydsl.sql.InsertBase.insert_with_subQuery3 430493252 1526533 81059765 331042897 0 2095854 115157114 4620 
com.querydsl.sql.InsertBase.insert_without_values 432173206 1535332 81373606 332322044 0 2103478 115616306 4658 
com.querydsl.sql.InsertBase.insert_with_subQuery 433825000 1544392 81682457 333625050 0 2111542 116101988 4694 
com.querydsl.sql.InsertBase.insert_with_keys_listener 435533827 1553386 82002527 334962891 0 2119807 116564939 4730 
com.querydsl.sql.InsertBase.insert_batch 437215706 1562677 82319395 336301046 0 2128101 117042324 4769 
com.querydsl.sql.InsertBase.insert_with_keys_Projected 438956589 1571846 82646896 337684685 0 2136915 117527617 4809 
com.querydsl.sql.InsertBase.insert_batch2 440543492 1580443 82945606 338924622 0 2144957 117980237 4844 
com.querydsl.sql.InsertBase.insertBatch_with_subquery 320860561072 413707028 59031243683 158169006667 0 145235893 38567413544 410812 
com.querydsl.sql.InsertBase.insert_with_subQuery3 320863084944 413717243 59031724954 158170786199 0 145243940 38568225261 410812 
com.querydsl.sql.InsertBase.like_with_escape 320865431273 413726829 59032171375 158172316444 0 145250718 38568792243 410812 
com.querydsl.sql.InsertBase.insert_with_subQuery_Without_Columns 320867864562 413736727 59032634938 158173897310 0 145257567 38569351538 410812 
com.querydsl.sql.InsertBase.insert_nulls_in_batch 320870284004 413746712 59033095901 158175472122 0 145264102 38569917843 410812 
com.querydsl.sql.InsertBase.insert_with_subQuery_Via_Constructor 320872768354 413757011 59033569036 158177139062 0 145271299 38570565183 410812 
com.querydsl.sql.InsertBase.complex1 320875167924 413766849 59034026296 158178686676 0 145278050 38571093740 410812 
com.querydsl.sql.InsertBase.insert_with_tempateExpression_in_batch 320877565391 413776972 59034482469 158180277892 0 145285169 38571658846 410812 
com.querydsl.sql.InsertBase.insert_batch_Templates 320879942652 413786466 59034935192 158181781571 0 145291603 38572158014 410812 
com.querydsl.sql.InsertBase.insert_with_subQuery2 320882459056 413796161 59035415099 158183336354 0 145298394 38572635527 410812 
com.querydsl.sql.InsertBase.insert_with_keys_Projected2 320884986653 413805734 59035897271 158184866420 0 145304738 38573095095 410812 
com.querydsl.sql.InsertBase.replace 320887455382 413815352 59036368068 158186396622 0 145311322 38573555035 410812 
com.querydsl.sql.InsertBase.insert_dates 320889919939 413824858 59036837915 158187930963 0 145317883 38574008237 410812 
com.querydsl.sql.InsertBase.insert_null_with_columns 320892288441 413834382 59037288803 158189388970 0 145324062 38574442628 410812 
com.querydsl.sql.InsertBase.insert_with_keys_Projected 320894776737 413844343 59037763278 158190966628 0 145330895 38574937470 410812 
com.querydsl.sql.InsertBase.insert_without_values 320898680886 413862406 59038478143 158194595022 0 145351128 38576621357 410814 
com.querydsl.sql.InsertBase.insert_batch2 320901250081 413873696 59038967579 158196460311 0 145360686 38577267863 410814 
com.querydsl.sql.InsertBase.insert_with_keys_listener 320903801070 413883587 59039452832 158198099339 0 145369092 38577781970 410814 
com.querydsl.sql.InsertBase.uuids 320906156894 413892583 59039902699 158199553668 0 145376074 38578239811 410814 
com.querydsl.sql.InsertBase.insert_batch_to_bulk 320908533893 413901528 59040356827 158200986997 0 145382462 38578692192 410814 
com.querydsl.sql.InsertBase.xml 320910869591 413910350 59040802853 158202404013 0 145388766 38579133574 410814 
com.querydsl.sql.InsertBase.insert_null_without_columns 320913179831 413919392 59041243695 158203804690 0 145394854 38579573744 410814 
com.querydsl.sql.InsertBase.insert_with_set 320915511688 413928396 59041688921 158205208356 0 145400770 38579999250 410814 
com.querydsl.sql.InsertBase.like 320917856350 413937249 59042136603 158206617647 0 145407138 38580421052 410814 
com.querydsl.sql.InsertBase.insert_alternative_syntax 320920351369 413946317 59042613077 158208105038 0 145413532 38580864444 410814 
com.querydsl.sql.InsertBase.insert_with_subQuery_Params 320922797094 413955374 59043080601 158209555234 0 145419897 38581289103 410814 
com.querydsl.sql.InsertBase.insert_batch 320925184587 413964274 59043536798 158210979109 0 145425975 38581729490 410814 
com.querydsl.sql.InsertBase.insert_without_columns 320927620101 413973780 59044002976 158212488263 0 145432666 38582209684 410814 
com.querydsl.sql.InsertBase.insert_with_columns 320930029728 413982674 59044463709 158213923821 0 145438924 38582629789 410814 
com.querydsl.sql.InsertBase.insert_with_subQuery 320932366521 413991892 59044910624 158215362496 0 145445466 38583067961 410814 
com.querydsl.sql.InsertBase.insert_with_special_options 320934752231 414001012 59045366373 158216818643 0 145451758 38583505427 410814 
com.querydsl.sql.InsertBase.insert_with_keys_OverriddenColumn 320937250105 414010413 59045845018 158218385699 0 145458817 38583982769 410814 
com.querydsl.sql.InsertBase.insert_with_keys 320939695064 414019469 59046312424 158219858223 0 145465478 38584428857 410814 
