com.querydsl.collections.TemplatesTest.default_instance 11524042993 41516397 2208138481 8677690156 0 56519101 3636192425 114044 
com.querydsl.collections.TemplatesTest.default_instance 447737167 1995128 85050407 364831288 0 2339423 117987782 7367 
com.querydsl.collections.TemplatesTest.default_instance 27300557868 88970506 5294522854 19453653417 0 128363442 7845382767 311757 
com.querydsl.collections.TemplatesTest.default_instance 26937428320 87140125 5194135571 19039730512 0 124980902 7634072969 148735 
com.querydsl.collections.TemplatesTest.default_instance 430748724 2389639 82343963 475881017 0 2713648 137726648 7372 
com.querydsl.collections.TemplatesTest.default_instance 30188880863 96490201 5844964393 21512961992 0 140200042 8506485621 371660 
com.querydsl.collections.TemplatesTest.default_instance 421177023 2298623 80742738 436104650 0 2635504 130453533 7369 
com.querydsl.collections.TemplatesTest.default_instance 28855091762 94940197 5608271930 20760816311 0 135247113 8488470088 276800 
com.querydsl.collections.TemplatesTest.default_instance 7530778937 26466149 1441980321 5671329937 0 35958609 2385395847 57398 
com.querydsl.collections.TemplatesTest.default_instance 25234811686 81672634 4862661761 18012785709 0 116489863 7252313363 238481 
com.querydsl.collections.TemplatesTest.default_instance 3108307391 11695047 599120030 2355169227 0 13740969 869169554 54073 
