com.querydsl.sql.DeleteBase.delete_with_subQuery_exists2 2478106370 8127693 476996311 1810262473 0 10984995 618208421 16733 
com.querydsl.sql.DeleteBase.batch_templates 2479523965 8134919 477271005 1811365498 0 10991216 618571937 16735 
com.querydsl.sql.DeleteBase.delete 2480831097 8141526 477524618 1812349420 0 10996645 618878014 16737 
com.querydsl.sql.DeleteBase.delete_limit 2482131588 8148293 477777338 1813319915 0 11002045 619189330 16739 
com.querydsl.sql.DeleteBase.delete_with_tempateExpression_in_batch 2483418935 8154619 478028464 1814241661 0 11007110 619471346 16741 
com.querydsl.sql.DeleteBase.batch 2484683631 8161198 478274979 1815175233 0 11011964 619759512 16743 
com.querydsl.sql.DeleteBase.delete_with_subQuery_exists_Params 2485951923 8167501 478522384 1816088917 0 11016784 620041647 16745 
com.querydsl.sql.DeleteBase.delete_with_subQuery_exists 2487246379 8173975 478774359 1817029508 0 11021546 620359838 16747 
com.querydsl.sql.DeleteBase.delete_with_tempateExpression_in_batch 322376673 1419580 61136571 313108921 0 1729392 103613138 2734 
com.querydsl.sql.DeleteBase.batch_templates 324220592 1433056 61474744 315165963 0 1741522 104452574 2766 
com.querydsl.sql.DeleteBase.delete_limit 326083802 1445766 61816684 317100457 0 1753412 105199391 2799 
com.querydsl.sql.DeleteBase.delete 327934976 1456465 62165551 318687486 0 1764520 105845699 2831 
com.querydsl.sql.DeleteBase.batch 329837096 1471652 62509636 321098594 0 1777508 106717155 2863 
com.querydsl.sql.DeleteBase.delete_with_subQuery_exists_Params 331660449 1482564 62842732 322722472 0 1788637 107366326 2897 
com.querydsl.sql.DeleteBase.delete_with_subQuery_exists2 333443201 1492219 63167209 324092426 0 1797635 107933677 2929 
com.querydsl.sql.DeleteBase.delete_with_subQuery_exists 335253184 1502698 63498976 325649418 0 1807272 108527961 2962 
com.querydsl.sql.DeleteBase.delete_with_tempateExpression_in_batch 317896068 1331668 60427648 321646764 0 1757240 98596228 2729 
com.querydsl.sql.DeleteBase.batch_templates 319708407 1347049 60760114 324078735 0 1769810 99578342 2761 
com.querydsl.sql.DeleteBase.delete_limit 321544129 1361855 61097206 326491384 0 1782321 100494284 2794 
com.querydsl.sql.DeleteBase.delete 323370224 1376652 61432337 328886393 0 1794827 101408893 2826 
com.querydsl.sql.DeleteBase.batch 325174100 1390986 61763904 331240985 0 1807286 102235241 2859 
com.querydsl.sql.DeleteBase.delete_with_subQuery_exists_Params 326988603 1404309 62096622 333559497 0 1819413 103034231 2892 
com.querydsl.sql.DeleteBase.delete_with_subQuery_exists2 328764503 1419087 62421638 335849873 0 1831204 103896646 2924 
com.querydsl.sql.DeleteBase.delete_with_subQuery_exists 330578376 1433115 62754238 338121118 0 1842753 104764792 2958 
com.querydsl.sql.DeleteBase.delete_with_subQuery_exists2 2476281063 8464377 476546601 1889427524 0 11033377 666578645 16980 
com.querydsl.sql.DeleteBase.batch_templates 2477673113 8471486 476816525 1890493202 0 11039856 666920327 16982 
com.querydsl.sql.DeleteBase.delete 2479011168 8478374 477076218 1891482013 0 11045513 667234499 16984 
com.querydsl.sql.DeleteBase.delete_limit 2480411101 8485806 477348627 1892556647 0 11051625 667584374 16986 
com.querydsl.sql.DeleteBase.delete_with_tempateExpression_in_batch 2481747907 8492633 477609005 1893539192 0 11056918 667883842 16988 
com.querydsl.sql.DeleteBase.batch 2483087564 8499492 477870259 1894528354 0 11062040 668194294 16990 
com.querydsl.sql.DeleteBase.delete_with_subQuery_exists_Params 2484433117 8506333 478132419 1895508553 0 11067116 668500495 16992 
com.querydsl.sql.DeleteBase.delete_with_subQuery_exists 2485790924 8513094 478396654 1896477287 0 11071938 668808029 16994 
com.querydsl.sql.DeleteBase.delete_with_subQuery_exists2 2487342722 8423198 478677618 1859017025 0 11016884 654284697 16803 
com.querydsl.sql.DeleteBase.batch_templates 2488786721 8430259 478955542 1860095454 0 11023185 654640259 16805 
com.querydsl.sql.DeleteBase.delete 2490211982 8437294 479229497 1861133489 0 11028851 654977909 16807 
com.querydsl.sql.DeleteBase.delete_limit 2491661296 8444466 479508339 1862192590 0 11034524 655335401 16809 
com.querydsl.sql.DeleteBase.delete_with_tempateExpression_in_batch 2493075058 8451326 479781634 1863191672 0 11040078 655658422 16811 
com.querydsl.sql.DeleteBase.batch 2494474101 8457927 480051718 1864165421 0 11045190 655976079 16813 
com.querydsl.sql.DeleteBase.delete_with_subQuery_exists_Params 2495876426 8464562 480322281 1865157581 0 11050474 656290405 16815 
com.querydsl.sql.DeleteBase.delete_with_subQuery_exists 2497195007 8471008 480577616 1866085474 0 11055478 656594646 16817 
com.querydsl.sql.DeleteBase.delete_with_subQuery_exists2 2441982399 8206434 470756193 1831765687 0 10954803 650585785 16833 
com.querydsl.sql.DeleteBase.batch_templates 2443436491 8214176 471037080 1832944558 0 10961497 650980887 16835 
com.querydsl.sql.DeleteBase.delete 2444819253 8221493 471305505 1834018624 0 10967289 651362685 16837 
com.querydsl.sql.DeleteBase.delete_limit 2446173788 8228631 471568955 1835042482 0 10972758 651712390 16839 
com.querydsl.sql.DeleteBase.delete_with_tempateExpression_in_batch 2447501355 8235473 471827068 1836014556 0 10977756 652038377 16841 
com.querydsl.sql.DeleteBase.batch 2448834097 8242139 472086137 1836978654 0 10982607 652365035 16843 
com.querydsl.sql.DeleteBase.delete_with_subQuery_exists_Params 2450175462 8248879 472346633 1837950906 0 10987410 652690563 16845 
com.querydsl.sql.DeleteBase.delete_with_subQuery_exists 2451508301 8255506 472605710 1838900864 0 10991879 653018409 16847 
com.querydsl.sql.DeleteBase.delete_with_tempateExpression_in_batch 329586140 1071276 62409404 252419803 0 1620870 83573128 2719 
com.querydsl.sql.DeleteBase.batch_templates 331440865 1081394 62749710 253898954 0 1630719 84173270 2751 
com.querydsl.sql.DeleteBase.delete_limit 333330944 1091827 63096775 255407624 0 1640466 84773251 2784 
com.querydsl.sql.DeleteBase.delete 335208387 1102128 63441217 256921840 0 1650120 85391323 2816 
com.querydsl.sql.DeleteBase.batch 337162861 1112808 63802700 258490075 0 1660591 85979532 2848 
com.querydsl.sql.DeleteBase.delete_with_subQuery_exists_Params 339009214 1122810 64142564 259964437 0 1670052 86556794 2882 
com.querydsl.sql.DeleteBase.delete_with_subQuery_exists2 340805774 1132335 64469553 261322055 0 1678676 87088735 2914 
com.querydsl.sql.DeleteBase.delete_with_subQuery_exists 342631551 1141976 64804241 262722141 0 1687357 87627173 2947 
com.querydsl.sql.DeleteBase.batch_templates 2819193690 6882487 565065616 1838596480 0 11061871 511033732 3270 
com.querydsl.sql.DeleteBase.delete_with_subQuery_exists2 2823351927 6925890 565879859 1843815036 0 11110482 514051296 3272 
com.querydsl.sql.DeleteBase.delete_with_tempateExpression_in_batch 2825052395 6956778 566177524 1846631460 0 11143031 515732724 3272 
com.querydsl.sql.DeleteBase.delete_with_subQuery_exists_Params 2828679205 7002864 566865898 1852065260 0 11193633 518914774 3274 
com.querydsl.sql.DeleteBase.delete_with_subQuery_exists 2830939438 7041513 567262714 1855819943 0 11232921 521308812 3274 
com.querydsl.sql.DeleteBase.delete_limit 2833700022 7094890 567738310 1861144977 0 11281254 524711858 3274 
com.querydsl.sql.DeleteBase.delete 2836250791 7138381 568202981 1866005014 0 11324673 527861926 3274 
com.querydsl.sql.DeleteBase.batch 2838972297 7181887 568657690 1870158622 0 11367139 530600288 3274 
