com.querydsl.collections.CatTest.skippedField 30347437116 99007099 5886749533 21578748996 0 142952504 8583854382 323929 
com.querydsl.collections.CatTest.dateAsSimple 30347858890 99011477 5886827566 21579222345 0 142955665 8584123960 323929 
com.querydsl.collections.CatTest.stringAsSimple 30348264112 99015327 5886901757 21579598078 0 142957984 8584309163 323929 
com.querydsl.collections.CatTest.stringAsSimple 29965293818 96759302 5819332285 21564202503 0 140840269 8695963670 173023 
com.querydsl.collections.CatTest.skippedField 29965931553 96764826 5819450552 21564914445 0 140844261 8696404729 173023 
com.querydsl.collections.CatTest.dateAsSimple 29966332688 96768890 5819523545 21565290335 0 140846488 8696589147 173023 
com.querydsl.collections.CatTest.stringAsSimple 4708533905 18319149 898437387 3640163326 0 23008190 1638199616 55511 
com.querydsl.collections.CatTest.dateAsSimple 4709299741 18325709 898572389 3640989989 0 23014277 1638580352 55511 
com.querydsl.collections.CatTest.skippedField 4710435887 18333561 898774302 3642119395 0 23021266 1639158932 55511 
com.querydsl.collections.CatTest.dateAsSimple 4522258597 18537610 865686993 3599036532 0 23248194 1640980282 55537 
com.querydsl.collections.CatTest.stringAsSimple 4522815993 18542558 865783870 3599571437 0 23251917 1641222501 55537 
com.querydsl.collections.CatTest.skippedField 4523756000 18549218 865949769 3600484746 0 23257561 1641643073 55537 
com.querydsl.collections.CatTest.skippedField 2680170629 10868192 519259601 2209413242 0 12158467 784768466 53848 
com.querydsl.collections.CatTest.stringAsSimple 2681039512 10875712 519414901 2210449651 0 12167252 785312189 53848 
com.querydsl.collections.CatTest.dateAsSimple 2682040247 10883301 519586228 2211505064 0 12175812 785788155 53848 
com.querydsl.collections.CatTest.stringAsSimple 31061284521 99149090 6015032499 22150494719 0 144020007 8793212415 371850 
com.querydsl.collections.CatTest.dateAsSimple 31061688127 99153268 6015106082 22150922965 0 144022636 8793500920 371850 
com.querydsl.collections.CatTest.skippedField 31062333866 99158938 6015226060 22151661784 0 144026466 8793957048 371850 
com.querydsl.collections.CatTest.dateAsSimple 30579186232 99863256 5912676345 22174263392 0 142010588 8976355276 327983 
com.querydsl.collections.CatTest.skippedField 30579832614 99868710 5912796850 22174961446 0 142014510 8976732768 327983 
com.querydsl.collections.CatTest.stringAsSimple 30580245470 99872841 5912872434 22175359023 0 142016906 8976937487 327983 
com.querydsl.collections.CatTest.skippedField 29127150482 95889298 5662151180 20969728994 0 136613823 8579150812 276923 
com.querydsl.collections.CatTest.dateAsSimple 29127571872 95893810 5662228728 20970176957 0 136616839 8579400990 276923 
com.querydsl.collections.CatTest.stringAsSimple 29128012006 95898321 5662309128 20970620283 0 136619407 8579641319 276923 
com.querydsl.collections.CatTest.dateAsSimple 3002882157 10819836 578935574 2230717346 0 13147811 861247860 54738 
com.querydsl.collections.CatTest.stringAsSimple 3003745093 10826121 579085964 2231582446 0 13154674 861660695 54738 
com.querydsl.collections.CatTest.skippedField 3005319297 10835833 579369133 2233256974 0 13166269 862441599 54738 
com.querydsl.collections.CatTest.dateAsSimple 29843210145 94303122 5769874884 21152946506 0 137392038 8448991776 239401 
com.querydsl.collections.CatTest.stringAsSimple 29843622331 94307218 5769950048 21153371978 0 137394746 8449218364 239401 
com.querydsl.collections.CatTest.skippedField 29844322185 94313527 5770080738 21154170666 0 137399081 8449669437 239401 
com.querydsl.collections.CatTest.skippedField 7407481523 26041327 1420149651 5515497892 0 34887753 2238639472 57661 
com.querydsl.collections.CatTest.dateAsSimple 7407970306 26045863 1420237282 5516002032 0 34891131 2238882559 57661 
com.querydsl.collections.CatTest.stringAsSimple 7408514413 26050542 1420333076 5516508466 0 34894372 2239120578 57661 
