com.querydsl.sql.OracleTemplatesTest.modifiers 336044238 1074890 63808112 260859398 0 1574175 97352431 2996 
com.querydsl.sql.OracleTemplatesTest.in 353969098 1119550 67088415 274128217 0 1647645 102876615 3218 
com.querydsl.sql.OracleTemplatesTest.union 359526206 1139627 68090877 278708535 0 1668600 105679463 3325 
com.querydsl.sql.OracleTemplatesTest.precedence 364797282 1153662 69042721 282263991 0 1683486 107307622 3431 
com.querydsl.sql.OracleTemplatesTest.modifiers2 370138934 1170565 70004623 286052303 0 1700810 109188333 3537 
com.querydsl.sql.OracleTemplatesTest.nextVal 380860814 1196870 71974051 293402769 0 1731133 112409335 3748 
com.querydsl.sql.OracleTemplatesTest.booleanTemplate 386715038 1218496 73016875 298072755 0 1752373 115089395 3859 
com.querydsl.sql.OracleTemplatesTest.noFrom 392897156 1237718 74114821 302920529 0 1773919 117616657 3972 
com.querydsl.sql.OracleTemplatesTest.innerJoin 398345249 1252865 75082402 306662590 0 1790218 119416914 4081 
com.querydsl.sql.OracleTemplatesTest.arithmetic 407533761 1303179 76730454 314160944 0 1832534 123167654 4210 
com.querydsl.sql.OracleTemplatesTest.generic_precedence 420710985 1337194 79083494 323854493 0 1891968 126943435 4358 
com.querydsl.sql.OracleTemplatesTest.nextVal 318349062392 380868922 58173646446 163056880342 0 134598576 36039800990 375137 
com.querydsl.sql.OracleTemplatesTest.modifiers2 318351788830 380882074 58174150362 163059964135 0 134612597 36040790004 375137 
com.querydsl.sql.OracleTemplatesTest.union 318354609992 380895295 58174671163 163063036419 0 134627601 36041636613 375137 
com.querydsl.sql.OracleTemplatesTest.precedence 318357238696 380904432 58175158649 163065521278 0 134638254 36042113192 375137 
com.querydsl.sql.OracleTemplatesTest.booleanTemplate 318360199900 380919619 58175701180 163068863079 0 134653031 36043149559 375137 
com.querydsl.sql.OracleTemplatesTest.arithmetic 318364222630 380942953 58176430440 163073077776 0 134667849 36044550588 375137 
com.querydsl.sql.OracleTemplatesTest.in 318378040955 380980969 58179015235 163087794990 0 134732798 36048289599 375149 
com.querydsl.sql.OracleTemplatesTest.generic_precedence 318382581246 380993698 58179850615 163092641591 0 134746036 36050001327 375149 
com.querydsl.sql.OracleTemplatesTest.innerJoin 318385316440 381005544 58180353004 163095690628 0 134758219 36051078196 375149 
com.querydsl.sql.OracleTemplatesTest.noFrom 318387949214 381016443 58180838582 163097927716 0 134769084 36051719003 375149 
com.querydsl.sql.OracleTemplatesTest.modifiers 318390508506 381025513 58181306454 163099556364 0 134779465 36052235855 375149 
com.querydsl.sql.OracleTemplatesTest.modifiers 324283115 1438328 61982635 351125371 0 1818203 105188959 2973 
com.querydsl.sql.OracleTemplatesTest.in 341777625 1497150 65174345 370411281 0 1906890 110408828 3181 
com.querydsl.sql.OracleTemplatesTest.union 347370720 1531790 66177355 377768542 0 1939639 113571708 3274 
com.querydsl.sql.OracleTemplatesTest.precedence 352613687 1555463 67115124 383674458 0 1965010 115442201 3367 
com.querydsl.sql.OracleTemplatesTest.modifiers2 357655779 1579910 68018850 389345061 0 1989882 117261966 3461 
com.querydsl.sql.OracleTemplatesTest.nextVal 367365049 1615359 69806057 399774003 0 2030530 120192898 3646 
com.querydsl.sql.OracleTemplatesTest.booleanTemplate 372496250 1640323 70722046 405732843 0 2055757 122178389 3744 
com.querydsl.sql.OracleTemplatesTest.noFrom 377827400 1661827 71671327 411836922 0 2080961 123986860 3844 
com.querydsl.sql.OracleTemplatesTest.innerJoin 382219041 1678273 72451786 416433826 0 2099897 125177381 3940 
com.querydsl.sql.OracleTemplatesTest.arithmetic 390186383 1749372 73881102 426919931 0 2154230 129094440 4055 
com.querydsl.sql.OracleTemplatesTest.generic_precedence 401018801 1807003 75839645 440279731 0 2228639 133029766 4190 
com.querydsl.sql.OracleTemplatesTest.nextVal 319595251431 431109697 58258620828 161043485549 0 142446407 38393722393 375149 
com.querydsl.sql.OracleTemplatesTest.modifiers2 319597986716 431120155 58259126362 161045384012 0 142458302 38394471060 375149 
com.querydsl.sql.OracleTemplatesTest.union 319600660767 431130319 58259618850 161047212472 0 142470867 38395096996 375149 
com.querydsl.sql.OracleTemplatesTest.precedence 319603316096 431137647 58260111349 161048762187 0 142480274 38395474150 375149 
com.querydsl.sql.OracleTemplatesTest.booleanTemplate 319606249519 431149567 58260649109 161050802075 0 142492763 38396211683 375149 
com.querydsl.sql.OracleTemplatesTest.arithmetic 319610888325 431168404 58261504078 161053821360 0 142508328 38397235307 375149 
com.querydsl.sql.OracleTemplatesTest.in 319623664649 431198612 58263890896 161062857423 0 142567074 38400224363 375157 
com.querydsl.sql.OracleTemplatesTest.generic_precedence 319628107596 431207628 58264708586 161065539431 0 142578971 38401177711 375157 
com.querydsl.sql.OracleTemplatesTest.innerJoin 319630835695 431217020 58265209916 161067383834 0 142590047 38401886552 375157 
com.querydsl.sql.OracleTemplatesTest.noFrom 319633459404 431225528 58265694014 161068952780 0 142599617 38402353323 375157 
com.querydsl.sql.OracleTemplatesTest.modifiers 319636008025 431234152 58266160097 161070485487 0 142609383 38402790212 375157 
com.querydsl.sql.OracleTemplatesTest.modifiers 335341099 1167123 63629758 287600792 0 1596530 105911109 3076 
com.querydsl.sql.OracleTemplatesTest.in 353469625 1213881 66937170 301121092 0 1670265 111787494 3297 
com.querydsl.sql.OracleTemplatesTest.union 359247643 1236737 67968610 306459948 0 1692116 115530713 3404 
com.querydsl.sql.OracleTemplatesTest.precedence 364752241 1255405 68951578 311924406 0 1708165 118019325 3510 
com.querydsl.sql.OracleTemplatesTest.modifiers2 370338709 1272684 69947299 316098874 0 1726161 120447630 3616 
com.querydsl.sql.OracleTemplatesTest.nextVal 381334019 1299809 71952059 323779307 0 1757475 124081440 3827 
com.querydsl.sql.OracleTemplatesTest.booleanTemplate 387297251 1321481 73006853 328460598 0 1779108 126786326 3938 
com.querydsl.sql.OracleTemplatesTest.noFrom 393977890 1341267 74185946 333535251 0 1802387 129331667 4052 
com.querydsl.sql.OracleTemplatesTest.innerJoin 399564289 1357521 75171273 337404907 0 1819029 131323433 4161 
com.querydsl.sql.OracleTemplatesTest.arithmetic 408534488 1407452 76769572 344611573 0 1861798 134946863 4290 
com.querydsl.sql.OracleTemplatesTest.generic_precedence 421075164 1436634 78961960 353465620 0 1919861 138220227 4437 
com.querydsl.sql.OracleTemplatesTest.modifiers 338496808 1208097 64209565 286180556 0 1622085 109158911 3076 
com.querydsl.sql.OracleTemplatesTest.in 356818080 1255788 67558748 299662206 0 1699832 114704425 3297 
com.querydsl.sql.OracleTemplatesTest.union 362667266 1278184 68608646 304436901 0 1725078 117511194 3403 
com.querydsl.sql.OracleTemplatesTest.precedence 368328258 1294286 69621383 308378312 0 1743983 119342976 3509 
com.querydsl.sql.OracleTemplatesTest.modifiers2 374020151 1313110 70636789 312567787 0 1765129 121500433 3617 
com.querydsl.sql.OracleTemplatesTest.nextVal 385397302 1343829 72704451 320760969 0 1802561 125392591 3828 
com.querydsl.sql.OracleTemplatesTest.booleanTemplate 391588948 1367373 73799341 325836499 0 1827802 128358893 3939 
com.querydsl.sql.OracleTemplatesTest.noFrom 398602426 1388405 75042542 331234885 0 1854919 130990142 4053 
com.querydsl.sql.OracleTemplatesTest.innerJoin 404397575 1406511 76063773 335465016 0 1875313 133145814 4162 
com.querydsl.sql.OracleTemplatesTest.arithmetic 413800009 1459039 77741915 343306971 0 1921936 137093238 4290 
com.querydsl.sql.OracleTemplatesTest.generic_precedence 424935822 1487562 79690299 351228049 0 1965852 140340346 4437 
com.querydsl.sql.OracleTemplatesTest.modifiers 336417143 1108207 63901753 269591725 0 1597869 106715546 3070 
com.querydsl.sql.OracleTemplatesTest.in 354406499 1153887 67189256 283207677 0 1675736 112368718 3290 
com.querydsl.sql.OracleTemplatesTest.union 359795784 1174932 68163023 288119596 0 1701553 115434338 3397 
com.querydsl.sql.OracleTemplatesTest.precedence 364821268 1188699 69071360 291963101 0 1720704 117351456 3503 
com.querydsl.sql.OracleTemplatesTest.modifiers2 369910506 1205548 69988414 296065932 0 1742451 119555013 3611 
com.querydsl.sql.OracleTemplatesTest.nextVal 380154068 1231894 71874099 303737774 0 1781266 122918657 3822 
com.querydsl.sql.OracleTemplatesTest.booleanTemplate 385590940 1254931 72848893 308745587 0 1803755 125689135 3933 
com.querydsl.sql.OracleTemplatesTest.noFrom 391557670 1272757 73913801 313565642 0 1826430 128027418 4047 
com.querydsl.sql.OracleTemplatesTest.innerJoin 396453571 1287536 74789609 317131171 0 1842851 129718978 4155 
com.querydsl.sql.OracleTemplatesTest.arithmetic 404827137 1337232 76295462 324290212 0 1886054 133236500 4284 
com.querydsl.sql.OracleTemplatesTest.generic_precedence 416420568 1364707 78349971 332870392 0 1940973 136385015 4432 
com.querydsl.sql.OracleTemplatesTest.modifiers 335386479 1074043 63569621 263255892 0 1577237 101030502 3139 
com.querydsl.sql.OracleTemplatesTest.in 353530068 1119093 66887896 276219049 0 1650646 106050131 3360 
com.querydsl.sql.OracleTemplatesTest.union 359398340 1140028 67941666 280802579 0 1672970 108674424 3467 
com.querydsl.sql.OracleTemplatesTest.precedence 364875744 1154325 68927854 284304855 0 1688756 110125534 3573 
com.querydsl.sql.OracleTemplatesTest.modifiers2 370547270 1172862 69951187 288507496 0 1707089 112295392 3680 
com.querydsl.sql.OracleTemplatesTest.nextVal 381198523 1198117 71905744 295622431 0 1738110 115347973 3891 
com.querydsl.sql.OracleTemplatesTest.booleanTemplate 387013480 1219368 72943763 299999647 0 1760324 117696307 4002 
com.querydsl.sql.OracleTemplatesTest.noFrom 393470227 1237818 74097304 304743346 0 1783708 119871180 4115 
com.querydsl.sql.OracleTemplatesTest.innerJoin 398748739 1253297 75036490 308298199 0 1800780 121473137 4224 
com.querydsl.sql.OracleTemplatesTest.arithmetic 407694500 1302280 76645896 315456167 0 1844072 124718412 4353 
com.querydsl.sql.OracleTemplatesTest.generic_precedence 418297745 1324770 78492175 322864047 0 1892772 127121104 4498 
com.querydsl.sql.OracleTemplatesTest.nextVal 320689609350 368698893 58202902780 159422347434 0 131680505 36440056463 368784 
com.querydsl.sql.OracleTemplatesTest.modifiers2 320692403624 368709988 58203418790 159424355390 0 131692720 36440919821 368784 
com.querydsl.sql.OracleTemplatesTest.union 320695071405 368720331 58203909823 159426225159 0 131705367 36441598852 368784 
com.querydsl.sql.OracleTemplatesTest.precedence 320697743922 368727913 58204405074 159427816801 0 131715034 36441992656 368784 
com.querydsl.sql.OracleTemplatesTest.booleanTemplate 320700633826 368740003 58204934195 159429867915 0 131727442 36442781550 368784 
com.querydsl.sql.OracleTemplatesTest.arithmetic 320704833343 368759639 58205703456 159432687409 0 131741010 36443939180 368784 
com.querydsl.sql.OracleTemplatesTest.in 320718056141 368789528 58208166649 159441914323 0 131799471 36447064804 368798 
com.querydsl.sql.OracleTemplatesTest.generic_precedence 320722596347 368799445 58208999488 159444894670 0 131812151 36448263479 368798 
com.querydsl.sql.OracleTemplatesTest.innerJoin 320725357157 368809621 58209506484 159446892970 0 131823738 36449135667 368798 
com.querydsl.sql.OracleTemplatesTest.noFrom 320727977047 368818005 58209989122 159448480291 0 131833602 36449607143 368798 
com.querydsl.sql.OracleTemplatesTest.modifiers 320730526841 368826718 58210454626 159450056062 0 131843489 36450095925 368798 
com.querydsl.sql.OracleTemplatesTest.booleanTemplate 1688954133 5821735 330078294 1328813220 0 9678621 424091315 3072 
com.querydsl.sql.OracleTemplatesTest.in 1705573950 5861302 333133034 1340836462 0 9751424 428145891 3083 
com.querydsl.sql.OracleTemplatesTest.noFrom 1710491331 5875989 333994028 1344645112 0 9771528 430053884 3083 
com.querydsl.sql.OracleTemplatesTest.union 1715080296 5893358 334815989 1348156484 0 9793249 431603452 3083 
com.querydsl.sql.OracleTemplatesTest.arithmetic 1723649579 5947526 336347573 1356822382 0 9840688 435141513 3083 
com.querydsl.sql.OracleTemplatesTest.nextVal 1731374655 5965798 337721767 1361855864 0 9868796 436841310 3083 
com.querydsl.sql.OracleTemplatesTest.innerJoin 1736317807 5980042 338586540 1365294862 0 9888514 438236201 3083 
com.querydsl.sql.OracleTemplatesTest.modifiers2 1741078739 5997653 339445410 1368792857 0 9909623 439655938 3083 
com.querydsl.sql.OracleTemplatesTest.generic_precedence 1750889341 6021471 341146319 1375105434 0 9942760 441780833 3083 
com.querydsl.sql.OracleTemplatesTest.modifiers 1754974284 6035266 341883538 1378084830 0 9959668 442918749 3083 
com.querydsl.sql.OracleTemplatesTest.precedence 1759624060 6047735 342712092 1381146093 0 9975398 444010302 3083 
