com.querydsl.sql.MergeBase.merge_with_keys_and_values 3295981844 11388004 637465996 2484689990 0 16438641 844289555 17620 
com.querydsl.sql.MergeBase.mergeBatch 3305145879 11474943 639240178 2495457294 0 16539852 849113178 17627 
com.querydsl.sql.MergeBase.mergeBatch_with_subquery 3308929169 11513255 639971266 2499737800 0 16585019 851098587 17627 
com.querydsl.sql.MergeBase.merge_with_keys_Null_Id 3319539926 11569370 642135230 2508910658 0 16656725 854391442 17646 
com.querydsl.sql.MergeBase.merge_with_keys_columns_and_values 3321028890 11595986 642393719 2511233414 0 16681513 855645767 17647 
com.querydsl.sql.MergeBase.mergeBatch_templates 3323560405 11641059 642832142 2515336211 0 16728971 858004826 17647 
com.querydsl.sql.MergeBase.merge_with_templateExpression_in_batch 3324955600 11665659 643074265 2517405029 0 16751295 859191498 17647 
com.querydsl.sql.MergeBase.merge_with_keys_columns_and_values_using_null 3326357410 11690201 643317566 2519425203 0 16772208 860360588 17647 
com.querydsl.sql.MergeBase.merge_with_keys_and_values 520757474 1875953 102386085 412816614 0 2832300 118827370 4542 
com.querydsl.sql.MergeBase.merge_with_keys_Projected 524812769 1899852 103099755 416977756 0 2856652 120833582 4579 
com.querydsl.sql.MergeBase.merge_with_templateExpression_in_batch 528573559 1920565 103761871 420454741 0 2878307 122194245 4614 
com.querydsl.sql.MergeBase.merge_listener 532136865 1939643 104403325 423665322 0 2898078 123417949 4650 
com.querydsl.sql.MergeBase.mergeBatch_with_subquery 535272136 1956087 104958275 426328541 0 2914727 124432544 4683 
com.querydsl.sql.MergeBase.mergeBatch 538162084 1972075 105477859 428772097 0 2930619 125400582 4716 
com.querydsl.sql.MergeBase.merge_with_keys 541126633 1987723 106013056 431236518 0 2947260 126356083 4751 
com.querydsl.sql.MergeBase.merge_with_keys_listener 544203195 2002525 106571901 433689334 0 2964156 127271489 4787 
com.querydsl.sql.MergeBase.merge_with_keys_Null_Id 547117156 2016768 107100391 435943224 0 2979372 128150317 4820 
com.querydsl.sql.MergeBase.merge_with_keys_columns_and_values_using_null 549873905 2030588 107599706 438093975 0 2994103 128966336 4855 
com.querydsl.sql.MergeBase.merge_with_keys_and_values 195531871 637081 38083896 170947010 0 1036249 45106153 1214 
com.querydsl.sql.MergeBase.merge_with_keys_Projected 199431873 679799 38776828 177064576 0 1064116 47920132 1252 
com.querydsl.sql.MergeBase.merge_with_templateExpression_in_batch 203363273 721549 39478260 182889390 0 1089936 50431862 1287 
com.querydsl.sql.MergeBase.merge_listener 207425080 766686 40204652 189004675 0 1119946 52900674 1324 
com.querydsl.sql.MergeBase.mergeBatch_with_subquery 210860334 803780 40815657 193981337 0 1142677 54989056 1356 
com.querydsl.sql.MergeBase.mergeBatch 213986446 834683 41374494 198325357 0 1161267 56791356 1389 
com.querydsl.sql.MergeBase.merge_with_keys 217063508 863388 41927394 202545215 0 1179864 58428188 1424 
com.querydsl.sql.MergeBase.merge_with_keys_listener 219959536 889940 42449403 206500173 0 1198003 59931916 1460 
com.querydsl.sql.MergeBase.merge_with_keys_Null_Id 222676078 912831 42943643 210195707 0 1216427 61224293 1494 
com.querydsl.sql.MergeBase.merge_with_keys_columns_and_values_using_null 224986913 931619 43361282 213186910 0 1232011 62312465 1529 
com.querydsl.sql.MergeBase.merge_with_keys_and_subQuery 227222940 949661 43766968 216026317 0 1246691 63321286 1564 
com.querydsl.sql.MergeBase.merge_with_keys_columns_and_values 229557763 965308 44192063 218720144 0 1261305 64190793 1598 
com.querydsl.sql.MergeBase.mergeBatch_templates 231605636 976599 44564086 220439224 0 1272741 64825818 1632 
com.querydsl.sql.MergeBase.merge_with_keys_Projected2 233701610 987422 44945238 222056429 0 1283120 65436167 1668 
com.querydsl.sql.MergeBase.merge_with_keys_and_values 195417079 625783 38087738 179582825 0 1081765 44754503 1221 
com.querydsl.sql.MergeBase.merge_with_keys_Projected 199024469 647108 38728852 183168093 0 1102463 46445641 1257 
com.querydsl.sql.MergeBase.merge_with_templateExpression_in_batch 202541915 667232 39361132 186440085 0 1122877 47729969 1292 
com.querydsl.sql.MergeBase.merge_listener 205730039 684783 39935208 189190308 0 1138644 48823288 1327 
com.querydsl.sql.MergeBase.mergeBatch_with_subquery 208613876 705416 40453113 192169002 0 1153176 50045877 1360 
com.querydsl.sql.MergeBase.mergeBatch 211183871 727225 40918917 195505218 0 1169454 51298916 1393 
com.querydsl.sql.MergeBase.merge_with_keys 213801898 748024 41397508 199002420 0 1187398 52508896 1428 
com.querydsl.sql.MergeBase.merge_with_keys_listener 216460461 766126 41885334 202208999 0 1203064 53572988 1464 
com.querydsl.sql.MergeBase.merge_with_keys_Null_Id 218902055 781551 42332395 205124933 0 1216978 54511469 1497 
com.querydsl.sql.MergeBase.merge_with_keys_columns_and_values_using_null 221263785 796296 42765337 207924230 0 1230515 55396327 1532 
com.querydsl.sql.MergeBase.merge_with_keys_and_subQuery 223614418 811075 43202321 210758669 0 1244303 56257875 1567 
com.querydsl.sql.MergeBase.merge_with_keys_columns_and_values 225902155 824775 43617089 213393058 0 1257154 57072392 1601 
com.querydsl.sql.MergeBase.mergeBatch_templates 228091920 838565 44015237 215715875 0 1270198 57818931 1635 
com.querydsl.sql.MergeBase.merge_with_keys_Projected2 230172298 849272 44393259 217321648 0 1280962 58395933 1671 
com.querydsl.sql.MergeBase.merge_with_keys_and_values 3293924306 11877816 636893802 2559269302 0 16527931 886329025 17860 
com.querydsl.sql.MergeBase.mergeBatch 3303072590 11971721 638663735 2570281182 0 16630837 891478994 17869 
com.querydsl.sql.MergeBase.mergeBatch_with_subquery 3306935213 12012885 639409104 2574688373 0 16677478 893593325 17869 
com.querydsl.sql.MergeBase.merge_with_keys_Null_Id 3317551011 12072071 641573563 2584133543 0 16750805 897272098 17887 
com.querydsl.sql.MergeBase.merge_with_keys_columns_and_values 3319054488 12098926 641835383 2586459986 0 16776028 898644554 17888 
com.querydsl.sql.MergeBase.merge_with_keys_and_values 520622969 1953064 102379210 411337877 0 2848817 122385545 4540 
com.querydsl.sql.MergeBase.merge_with_keys_Projected 524615953 1977119 103083639 415305128 0 2873036 124384976 4576 
com.querydsl.sql.MergeBase.merge_with_templateExpression_in_batch 528525053 1998577 103774846 418811596 0 2896442 125791145 4613 
com.querydsl.sql.MergeBase.merge_listener 532375621 2020212 104461681 422292236 0 2919509 127147188 4650 
com.querydsl.sql.MergeBase.mergeBatch_with_subquery 535649024 2039754 105044376 425172252 0 2937337 128344311 4683 
com.querydsl.sql.MergeBase.mergeBatch 538661938 2057376 105582223 427732825 0 2954395 129384293 4715 
com.querydsl.sql.MergeBase.merge_with_keys 541868148 2075831 106167998 430479054 0 2973065 130447870 4751 
com.querydsl.sql.MergeBase.merge_with_keys_listener 544855560 2092112 106705281 432895185 0 2989486 131415745 4787 
com.querydsl.sql.MergeBase.merge_with_keys_Null_Id 547565916 2106391 107194707 435008246 0 3004675 132242895 4821 
com.querydsl.sql.MergeBase.merge_with_keys_columns_and_values_using_null 550502194 2121673 107728970 437297448 0 3020196 133102971 4856 
com.querydsl.sql.MergeBase.merge_with_keys_and_subQuery 553252601 2136543 108224477 439442906 0 3034854 133952725 4891 
com.querydsl.sql.MergeBase.merge_with_keys_columns_and_values 555728922 2150711 108667839 441490948 0 3049367 134768439 4925 
com.querydsl.sql.MergeBase.merge_with_keys_and_values 3320647422 11789042 641991686 2548264185 0 16567651 892339769 18436 
com.querydsl.sql.MergeBase.mergeBatch 3329985107 11881581 643797797 2560227174 0 16674057 898591439 18553 
com.querydsl.sql.MergeBase.mergeBatch_with_subquery 3333914805 11922513 644554927 2565033136 0 16722981 901174037 18576 
com.querydsl.sql.MergeBase.merge_with_keys_Null_Id 3344595273 11980907 646731666 2574881360 0 16797677 905224317 18651 
com.querydsl.sql.MergeBase.merge_with_keys_columns_and_values 3346128681 12007482 646998474 2577357599 0 16823478 906715132 18670 
com.querydsl.sql.MergeBase.mergeBatch_templates 3348722831 12055105 647447935 2581730891 0 16873586 909356158 18696 
com.querydsl.sql.MergeBase.merge_with_templateExpression_in_batch 3350250043 12081832 647714874 2584034296 0 16898867 910602594 18715 
com.querydsl.sql.MergeBase.merge_with_keys_columns_and_values_using_null 3351757110 12108032 647977420 2586243757 0 16922656 911805269 18735 
com.querydsl.sql.MergeBase.merge_with_keys_and_subQuery 3354195348 12148417 648403221 2589996495 0 16964169 913887737 18762 
com.querydsl.sql.MergeBase.merge_with_keys 3356458220 12179719 648816842 2593535019 0 16997026 915849833 18801 
com.querydsl.sql.MergeBase.merge_listener 3359234001 12215549 649337326 2597611174 0 17033852 918058703 18833 
com.querydsl.sql.MergeBase.merge_with_keys_and_values 528190518 1858283 103610188 414446950 0 2876166 117704026 4548 
com.querydsl.sql.MergeBase.merge_with_keys_Projected 532338876 1883052 104341614 418765335 0 2901813 119821495 4585 
com.querydsl.sql.MergeBase.merge_with_templateExpression_in_batch 536414020 1907762 105064908 422758029 0 2927613 121453798 4621 
com.querydsl.sql.MergeBase.merge_listener 540178373 1930653 105734483 426209131 0 2948138 122879761 4657 
com.querydsl.sql.MergeBase.merge_with_keys_and_values 3266379671 11536885 632072883 2523652343 0 16491103 891918747 17707 
com.querydsl.sql.MergeBase.mergeBatch 3275581460 11627474 633861107 2535124264 0 16594246 897537310 17717 
com.querydsl.sql.MergeBase.mergeBatch_with_subquery 3279519471 11667474 634612318 2539732698 0 16641013 899864947 17718 
com.querydsl.sql.MergeBase.merge_with_keys_and_values 519755338 1853899 102174087 409518823 0 2851524 117152521 4544 
com.querydsl.sql.MergeBase.merge_with_keys_Projected 523874493 1875329 102900783 413531904 0 2876467 119036778 4581 
com.querydsl.sql.MergeBase.merge_with_templateExpression_in_batch 527739963 1895470 103580642 417036393 0 2900029 120477500 4616 
com.querydsl.sql.MergeBase.merge_listener 531627090 1915851 104274434 420503136 0 2922918 121860221 4653 
com.querydsl.sql.MergeBase.mergeBatch_with_subquery 534968034 1933002 104866249 423382727 0 2940477 123014330 4686 
com.querydsl.sql.MergeBase.merge_with_keys_and_values 200155015 546128 38875961 147977085 0 1015625 39958293 1224 
com.querydsl.sql.MergeBase.merge_with_keys_Projected 204031262 566152 39564569 151719007 0 1037025 41700823 1262 
com.querydsl.sql.MergeBase.merge_with_templateExpression_in_batch 207965604 585828 40265831 155252857 0 1058059 43127881 1296 
com.querydsl.sql.MergeBase.merge_listener 212008048 608293 40991557 158980016 0 1080756 44672701 1334 
com.querydsl.sql.MergeBase.mergeBatch_with_subquery 215442032 626739 41599953 161974051 0 1097035 45939620 1367 
com.querydsl.sql.MergeBase.mergeBatch 218610344 643200 42163525 164677007 0 1111112 47065384 1399 
com.querydsl.sql.MergeBase.merge_with_keys 221738704 658149 42726058 167281741 0 1125102 48092154 1435 
com.querydsl.sql.MergeBase.merge_with_keys_listener 224689197 672249 43256174 169712472 0 1137994 49087688 1471 
com.querydsl.sql.MergeBase.merge_with_keys_Null_Id 227593854 686197 43786053 172069110 0 1151656 49986804 1506 
com.querydsl.sql.MergeBase.merge_with_keys_columns_and_values_using_null 230170165 698238 44256319 174052192 0 1163669 50737170 1540 
com.querydsl.sql.MergeBase.merge_with_keys_and_subQuery 232748650 710542 44728857 176058594 0 1175745 51481527 1576 
com.querydsl.sql.MergeBase.merge_with_keys_columns_and_values 235163075 722362 45168411 177900644 0 1187020 52172392 1609 
com.querydsl.sql.MergeBase.mergeBatch_templates 237282222 732828 45552247 179483709 0 1197263 52762092 1643 
com.querydsl.sql.MergeBase.merge_with_keys_Projected2 239610615 743635 45976510 181184522 0 1207743 53362481 1680 
com.querydsl.sql.MergeBase.merge_with_keys_and_values 321208602782 415264541 59095225938 158432024162 0 146730176 38687404326 410849 
com.querydsl.sql.MergeBase.merge_with_keys_columns_and_values 321211002103 415276458 59095693120 158433782179 0 146740097 38688007879 410849 
com.querydsl.sql.MergeBase.mergeBatch_with_subquery 321213328976 415287978 59096146851 158435441515 0 146748990 38688540085 410849 
com.querydsl.sql.MergeBase.mergeBatch_templates 321215715022 415299764 59096611326 158437160864 0 146758273 38689106995 410849 
com.querydsl.sql.MergeBase.merge_with_keys_listener 321218122987 415312115 59097081274 158438948060 0 146768109 38689690762 410849 
com.querydsl.sql.MergeBase.merge_with_keys 321220488118 415323779 59097542460 158440624780 0 146777346 38690214851 410849 
com.querydsl.sql.MergeBase.merge_with_keys_Null_Id 321222802898 415335272 59097993842 158442247764 0 146786001 38690719118 410849 
com.querydsl.sql.MergeBase.mergeBatch 321225097683 415346615 59098441909 158443868831 0 146794527 38691224487 410849 
com.querydsl.sql.MergeBase.merge_with_keys_Projected2 321227450604 415357961 59098901139 158445498088 0 146803121 38691730354 410849 
com.querydsl.sql.MergeBase.merge_with_keys_columns_and_values_using_null 321229830012 415369646 59099365483 158447206818 0 146812286 38692253005 410849 
com.querydsl.sql.MergeBase.merge_with_keys_Projected 321232259339 415381690 59099838875 158448960728 0 146821569 38692818890 410849 
com.querydsl.sql.MergeBase.merge_listener 321234634929 415392926 59100302153 158450618098 0 146830336 38693327192 410849 
com.querydsl.sql.MergeBase.merge_with_templateExpression_in_batch 321236945878 415403937 59100753444 158452206585 0 146838386 38693820666 410849 
com.querydsl.sql.MergeBase.merge_with_keys_and_subQuery 321239274731 415415200 59101208303 158453828489 0 146846709 38694329360 410849 
