com.querydsl.sql.H2TemplatesTest.noFrom 2725426353 10947251 527952560 2499542090 0 15666824 812585754 19262 
com.querydsl.sql.H2TemplatesTest.builder 2730380989 10957775 528861758 2502219911 0 15680636 813222730 19262 
com.querydsl.sql.H2TemplatesTest.generic_precedence 2735321060 10968091 529768693 2504901882 0 15691880 813895629 19262 
com.querydsl.sql.H2TemplatesTest.precedence 2738180040 10976219 530297022 2506588402 0 15701197 814347681 19262 
com.querydsl.sql.H2TemplatesTest.arithmetic 2744491507 11014369 531452807 2511511168 0 15726237 816810220 19262 
com.querydsl.sql.H2TemplatesTest.booleanTemplate 2747819695 11029164 532062305 2514109465 0 15739600 818118982 19262 
com.querydsl.sql.H2TemplatesTest.in 2750890777 11041717 532624092 2516333434 0 15752014 819127933 19262 
com.querydsl.sql.H2TemplatesTest.union 2754233087 11055067 533237948 2518718961 0 15765333 820092110 19262 
com.querydsl.sql.H2TemplatesTest.innerJoin 2757138961 11065140 533768999 2520571374 0 15775709 820782676 19262 
com.querydsl.sql.H2TemplatesTest.noFrom 2723836365 10595916 527897357 2463095982 0 15484203 801552125 19488 
com.querydsl.sql.H2TemplatesTest.builder 2728850775 10606617 528820281 2465779416 0 15497791 802179636 19488 
com.querydsl.sql.H2TemplatesTest.generic_precedence 2733802242 10616779 529734103 2468419899 0 15509263 802808692 19488 
com.querydsl.sql.H2TemplatesTest.precedence 2736668874 10624591 530264983 2470067508 0 15518568 803213720 19488 
com.querydsl.sql.H2TemplatesTest.arithmetic 2742688847 10662357 531368111 2474568800 0 15543156 805307434 19488 
com.querydsl.sql.H2TemplatesTest.booleanTemplate 2745936476 10676564 531963094 2476814445 0 15556874 806123002 19488 
com.querydsl.sql.H2TemplatesTest.in 2748982108 10689152 532521223 2478855681 0 15569421 806853673 19488 
com.querydsl.sql.H2TemplatesTest.union 2752030234 10701344 533078850 2480892445 0 15581941 807556624 19488 
com.querydsl.sql.H2TemplatesTest.innerJoin 2754937474 10711715 533612791 2482739203 0 15592843 808152864 19488 
com.querydsl.sql.H2TemplatesTest.noFrom 2762335011 9579205 534629911 2148123247 0 14973557 715024825 19375 
com.querydsl.sql.H2TemplatesTest.builder 2767370588 9590035 535555478 2150999460 0 14987425 715814744 19375 
com.querydsl.sql.H2TemplatesTest.generic_precedence 2772542645 9600863 536503225 2153930470 0 14999481 716581479 19375 
com.querydsl.sql.H2TemplatesTest.precedence 2775431286 9609186 537037016 2155735626 0 15009303 717061155 19375 
com.querydsl.sql.H2TemplatesTest.arithmetic 2781512295 9647037 538150676 2160550956 0 15034792 719442158 19375 
com.querydsl.sql.H2TemplatesTest.booleanTemplate 2784823426 9661909 538757673 2163142693 0 15048527 720661602 19375 
com.querydsl.sql.H2TemplatesTest.in 2787898783 9674495 539319878 2165517359 0 15061187 721745937 19375 
com.querydsl.sql.H2TemplatesTest.union 2790979557 9687869 539881653 2167907023 0 15074388 722813549 19375 
com.querydsl.sql.H2TemplatesTest.innerJoin 2793933062 9698695 540420641 2169944875 0 15085456 723631768 19375 
com.querydsl.sql.H2TemplatesTest.generic_precedence 320682031571 413055668 58998674184 158049889774 0 144683020 38518870992 410805 
com.querydsl.sql.H2TemplatesTest.union 320684624596 413065073 58999141340 158051616901 0 144691885 38519589815 410805 
com.querydsl.sql.H2TemplatesTest.innerJoin 320687137070 413072792 58999593553 158053039824 0 144699317 38519977141 410805 
com.querydsl.sql.H2TemplatesTest.builder 320691374529 413081152 59000358183 158055191478 0 144709919 38520366880 410805 
com.querydsl.sql.H2TemplatesTest.arithmetic 320695013974 413092085 59001007842 158057200357 0 144717990 38520989605 410805 
com.querydsl.sql.H2TemplatesTest.in 320697561852 413100418 59001466512 158058692297 0 144725820 38521441628 410805 
com.querydsl.sql.H2TemplatesTest.booleanTemplate 320700176835 413109133 59001936587 158060197470 0 144733637 38521872486 410805 
com.querydsl.sql.H2TemplatesTest.noFrom 320702679687 413116723 59002386985 158061567050 0 144740664 38522204060 410805 
com.querydsl.sql.H2TemplatesTest.precedence 320705274442 413123948 59002857559 158062973638 0 144747344 38522532396 410805 
