com.querydsl.sql.KeywordQuotingBase.keywords 321087390 1036716 60987327 250026276 0 1524892 92444142 2788 
com.querydsl.sql.KeywordQuotingBase.keywords 318339096237 380826630 58171742033 163046120397 0 134552787 36036725696 375136 
com.querydsl.sql.KeywordQuotingBase.keywords 310733280 1386412 59433140 336920373 0 1760253 100474979 2788 
com.querydsl.sql.KeywordQuotingBase.keywords 319585300374 431077333 58256719967 161036764551 0 142409882 38391450506 375147 
com.querydsl.sql.KeywordQuotingBase.keywords 320299653 1130095 60819716 277100274 0 1548769 101284900 2866 
com.querydsl.sql.KeywordQuotingBase.keywords 323373268 1167395 61360473 275332673 0 1570828 104418281 2866 
com.querydsl.sql.KeywordQuotingBase.keywords 321590097 1068507 61094809 258416959 0 1545624 101802493 2860 
com.querydsl.sql.KeywordQuotingBase.keywords 319694171 1034356 60630326 252282796 0 1527642 96275681 2927 
com.querydsl.sql.KeywordQuotingBase.keywords 320679234407 368665244 58200924700 159415238932 0 131641527 36437600452 368782 
com.querydsl.sql.KeywordQuotingBase.keywords 321619924418 416270929 59175335759 158724604827 0 148561760 38794638998 411238 
