com.querydsl.collections.JodaTimeTemplatesTest.localDate 9767600009 34887798 1869382167 7336311832 0 47527421 3068342717 113687 
com.querydsl.collections.JodaTimeTemplatesTest.localTime 9857469802 35161826 1886515484 7401037479 0 47939943 3094420566 113693 
com.querydsl.collections.JodaTimeTemplatesTest.dateTime 9955734896 35477262 1905191024 7472352690 0 48383741 3124504220 113706 
com.querydsl.collections.JodaTimeTemplatesTest.dateTime 26245310284 87626184 5086912555 19066112643 0 125057113 7895142252 150191 
com.querydsl.collections.JodaTimeTemplatesTest.localDate 26342571277 87895390 5105586620 19130746642 0 125470949 7917212232 150202 
com.querydsl.collections.JodaTimeTemplatesTest.localTime 26431740243 88135297 5122649676 19189587189 0 125854192 7936376624 150208 
com.querydsl.collections.JodaTimeTemplatesTest.localTime 6817868866 25340352 1299311959 5162641237 0 32675357 2258179990 55879 
com.querydsl.collections.JodaTimeTemplatesTest.dateTime 6919362329 25719799 1318577842 5241299934 0 33160098 2289446715 55904 
com.querydsl.collections.JodaTimeTemplatesTest.localDate 7014327783 26053773 1336626081 5312176419 0 33611686 2315664412 55913 
com.querydsl.collections.JodaTimeTemplatesTest.localTime 27167759380 87687592 5237571856 19194074247 0 125956341 7678117359 148876 
com.querydsl.collections.JodaTimeTemplatesTest.dateTime 27277277226 87976580 5258214534 19265035544 0 126375917 7703105767 148891 
com.querydsl.collections.JodaTimeTemplatesTest.localDate 27379462123 88236190 5277491361 19332171307 0 126777803 7727136796 148898 
com.querydsl.collections.JodaTimeTemplatesTest.localTime 25389658191 84751831 4894230971 18229610846 0 119068180 7365166389 215353 
com.querydsl.collections.JodaTimeTemplatesTest.localDate 25493774083 85039777 4913963997 18299116510 0 119480605 7391930635 215361 
com.querydsl.collections.JodaTimeTemplatesTest.dateTime 25599034570 85338061 4933903705 18373005891 0 119911842 7417933055 218051 
com.querydsl.collections.JodaTimeTemplatesTest.localDate 30407536678 97012377 5886414197 21663257222 0 141177560 8550571384 371811 
com.querydsl.collections.JodaTimeTemplatesTest.dateTime 30502796311 97283913 5904587826 21729666208 0 141584979 8577985048 371826 
com.querydsl.collections.JodaTimeTemplatesTest.localTime 30590790547 97529847 5921399206 21791204259 0 141963363 8603324866 371830 
com.querydsl.collections.JodaTimeTemplatesTest.localTime 27710618406 91026962 5346162070 20148481435 0 129291813 8153947691 283701 
com.querydsl.collections.JodaTimeTemplatesTest.localDate 27802319467 91313828 5363691407 20216888092 0 129701198 8177818415 288618 
com.querydsl.collections.JodaTimeTemplatesTest.dateTime 27898942506 91614979 5382161533 20287155596 0 130124433 8202737159 293593 
com.querydsl.collections.JodaTimeTemplatesTest.localTime 3748493927 11759941 724793417 2670994192 0 15959493 895771402 55253 
com.querydsl.collections.JodaTimeTemplatesTest.localDate 3875923402 12302889 748582879 2773142288 0 16619662 944448192 55259 
com.querydsl.collections.JodaTimeTemplatesTest.dateTime 4006732351 12834928 773063941 2876983457 0 17278014 992541954 56559 
com.querydsl.collections.JodaTimeTemplatesTest.localDate 29217677395 96030192 5677196549 20825834256 0 137963900 8511571189 163307 
com.querydsl.collections.JodaTimeTemplatesTest.localTime 29315524505 96315726 5695740557 20895544647 0 138367821 8535030002 168201 
com.querydsl.collections.JodaTimeTemplatesTest.dateTime 29420346567 96630347 5715593007 20971771463 0 138801686 8562490991 173175 
com.querydsl.collections.JodaTimeTemplatesTest.localTime 2820040487 10264267 543999134 2183616445 0 12007565 808417496 54600 
com.querydsl.collections.JodaTimeTemplatesTest.dateTime 2951372090 10981269 568573609 2318249778 0 12813087 863031996 54618 
com.querydsl.collections.JodaTimeTemplatesTest.localDate 3072016554 11455457 591160287 2414861070 0 13424247 908604573 54640 
com.querydsl.collections.JodaTimeTemplatesTest.dateTime 10183136894 36788288 1949972510 7738529664 0 49373476 3297042881 116594 
com.querydsl.collections.JodaTimeTemplatesTest.localDate 10278765826 37082906 1968205088 7805032113 0 49808092 3321768764 116605 
com.querydsl.collections.JodaTimeTemplatesTest.localTime 10368015278 37346050 1985229428 7865712394 0 50211639 3343112767 116612 
