com.querydsl.sql.SQLTemplatesTest.asLiteral 322514696983 403585587 58983145146 166862634663 0 159767460 37482281540 377809 
com.querydsl.sql.SQLTemplatesTest.test 322517415378 403594550 58983630687 166864712341 0 159779181 37483254657 377809 
com.querydsl.sql.SQLTemplatesTest.quote 322517897804 403599406 58983721918 166865212995 0 159781763 37483563356 377809 
com.querydsl.sql.SQLTemplatesTest.numeric_operations 322518374310 403605602 58983812487 166865924779 0 159784197 37483983277 377809 
com.querydsl.sql.SQLTemplatesTest.nextVal 322518763168 403610638 58983886672 166866327871 0 159785717 37484258264 377809 
com.querydsl.sql.SQLTemplatesTest.asLiteral_jodaTime 322519587098 403618823 58984046617 166867252721 0 159790569 37484906254 377809 
com.querydsl.sql.SQLTemplatesTest.quoting_performance 323524661994 403632699 59207403262 167242338417 0 159800785 37487101179 377809 
com.querydsl.sql.SQLTemplatesTest.numeric_operations 1816561583 6352882 353553075 1437869960 0 10351950 469089768 3145 
com.querydsl.sql.SQLTemplatesTest.quote 1817111951 6357840 353653334 1438467222 0 10356292 469353140 3145 
com.querydsl.sql.SQLTemplatesTest.test 1827181732 6371998 355711679 1444459206 0 10377698 470711947 3146 
com.querydsl.sql.SQLTemplatesTest.nextVal 1827869485 6379190 355837139 1445393967 0 10383992 471279929 3146 
com.querydsl.sql.SQLTemplatesTest.asLiteral_jodaTime 1837276348 6399269 357707887 1452081673 0 10421952 473510471 3160 
com.querydsl.sql.SQLTemplatesTest.asLiteral 1838171521 6407402 357868860 1453184324 0 10430154 474194096 3160 
com.querydsl.sql.SQLTemplatesTest.quoting_performance 2737376896 6427840 548873970 1756299394 0 10481238 476765926 3160 
