com.querydsl.core.types.JavaTemplatesTest.generic_precedence 7271612168 13547918 1296585013 5528558888 0 47679981 813062053 57462 
com.querydsl.core.types.JavaTemplatesTest.precedence 7272186353 13553540 1296695271 5529203396 0 47683928 813433604 57472 
com.querydsl.core.types.JavaTemplatesTest.generic_precedence 7282026774 13472897 1304242832 5559670367 0 47803465 869208884 58723 
com.querydsl.core.types.JavaTemplatesTest.precedence 7282692605 13478162 1304368296 5560427263 0 47807004 869586254 58732 
com.querydsl.core.types.JavaTemplatesTest.generic_precedence 7264340189 14090695 1299101667 5719123145 0 48457332 887924547 58734 
com.querydsl.core.types.JavaTemplatesTest.precedence 7265140171 14096014 1299249661 5720005331 0 48461287 888481269 58742 
com.querydsl.core.types.JavaTemplatesTest.generic_precedence 1204310917 5448695 227612603 1029952650 0 6369283 377950462 16782 
com.querydsl.core.types.JavaTemplatesTest.precedence 1205153161 5455178 227766833 1030811847 0 6374190 378437504 16791 
com.querydsl.core.types.JavaTemplatesTest.generic_precedence 232286438 1297207 44710427 226336305 0 1490884 90269329 2307 
com.querydsl.core.types.JavaTemplatesTest.precedence 233429182 1304068 44909906 227508874 0 1497423 90929439 2316 
com.querydsl.core.types.JavaTemplatesTest.precedence 7834620839 15777240 1398370279 6041671781 0 50238814 1040031066 67904 
com.querydsl.core.types.JavaTemplatesTest.generic_precedence 7842204839 15803407 1399708090 6048340859 0 50280888 1042335335 67956 
com.querydsl.core.types.JavaTemplatesTest.generic_precedence 7448516929 14983229 1332100700 5914895719 0 48935457 980597577 58174 
com.querydsl.core.types.JavaTemplatesTest.precedence 7449280615 14989287 1332241572 5916077351 0 48940332 981657050 58182 
com.querydsl.core.types.JavaTemplatesTest.precedence 7868073803 16159533 1413998687 6056515029 0 50105738 1102479623 64433 
com.querydsl.core.types.JavaTemplatesTest.generic_precedence 7876001252 16190438 1415407002 6064070895 0 50153742 1105214222 64486 
com.querydsl.core.types.JavaTemplatesTest.generic_precedence 7632249515 14622140 1364587854 5842078613 0 49242629 1015886109 62350 
com.querydsl.core.types.JavaTemplatesTest.precedence 7632987288 14627347 1364723844 5842848303 0 49246380 1016314647 62358 
com.querydsl.core.types.JavaTemplatesTest.generic_precedence 1150611475 5476165 219909651 985584353 0 6643528 341468878 14438 
com.querydsl.core.types.JavaTemplatesTest.precedence 1151425435 5482548 220056659 986505750 0 6647860 342124370 14447 
com.querydsl.core.types.JavaTemplatesTest.precedence 8048558449 17731871 1445211979 6358567707 0 51175118 1203785795 70348 
com.querydsl.core.types.JavaTemplatesTest.generic_precedence 8057339372 17761066 1446758315 6366564307 0 51230279 1206754950 70399 
com.querydsl.core.types.JavaTemplatesTest.generic_precedence 8049394337 17454721 1440474375 6279706694 0 51063908 1145877271 70161 
com.querydsl.core.types.JavaTemplatesTest.precedence 8050012102 17460711 1440591147 6280768101 0 51067991 1147124311 70170 
com.querydsl.core.types.JavaTemplatesTest.precedence 606419684 2922837 114376565 536268135 0 3287571 181565908 7925 
com.querydsl.core.types.JavaTemplatesTest.generic_precedence 616094159 2954671 116107092 544824128 0 3344145 184360360 7977 
