com.querydsl.sql.SQLServer2005TemplatesTest.booleanTemplate 318288091097 380577845 58162197637 162988248473 0 134291122 36017254326 375125 
com.querydsl.sql.SQLServer2005TemplatesTest.limit 318291220543 380592466 58162785881 162991318723 0 134306485 36018521480 375125 
com.querydsl.sql.SQLServer2005TemplatesTest.noFrom 318293827809 380603867 58163265287 162993903347 0 134318793 36019171140 375125 
com.querydsl.sql.SQLServer2005TemplatesTest.in 318297047791 380619299 58163858120 162997534691 0 134334445 36020315045 375125 
com.querydsl.sql.SQLServer2005TemplatesTest.precedence 318299797803 380629107 58164368696 163000181299 0 134345811 36020840585 375125 
com.querydsl.sql.SQLServer2005TemplatesTest.nextVal 318304397249 380643355 58165212456 163004399464 0 134363706 36021656261 375125 
com.querydsl.sql.SQLServer2005TemplatesTest.union 318307415732 380657753 58165769192 163007766017 0 134379545 36022661367 375125 
com.querydsl.sql.SQLServer2005TemplatesTest.generic_precedence 318312231736 380670167 58166672230 163012222732 0 134393066 36023640903 375125 
com.querydsl.sql.SQLServer2005TemplatesTest.modifiers 318315965443 380691054 58167375764 163017295089 0 134416533 36025580794 375125 
com.querydsl.sql.SQLServer2005TemplatesTest.innerJoin 318318875457 380702911 58167910757 163020485662 0 134429365 36026623714 375125 
com.querydsl.sql.SQLServer2005TemplatesTest.arithmetic 318322433515 380721521 58168563845 163023838864 0 134445447 36027916961 375125 
com.querydsl.sql.SQLServer2005TemplatesTest.modifiers_noOrder 318326771843 380742843 58169413187 163028956342 0 134467897 36029705356 375135 
com.querydsl.sql.SQLServer2005TemplatesTest.booleanTemplate 319534478992 430866352 58247208703 160999200824 0 142179856 38377275878 375143 
com.querydsl.sql.SQLServer2005TemplatesTest.limit 319537598599 430879507 58247794163 161001538455 0 142194985 38378328169 375143 
com.querydsl.sql.SQLServer2005TemplatesTest.noFrom 319540209551 430888175 58248273511 161003146281 0 142205761 38378744827 375143 
com.querydsl.sql.SQLServer2005TemplatesTest.in 319543355845 430900171 58248852575 161005267166 0 142218563 38379414503 375143 
com.querydsl.sql.SQLServer2005TemplatesTest.precedence 319546108940 430908048 58249362965 161006859224 0 142228247 38379774450 375143 
com.querydsl.sql.SQLServer2005TemplatesTest.nextVal 319550713643 430918986 58250206284 161009389826 0 142242812 38380366213 375143 
com.querydsl.sql.SQLServer2005TemplatesTest.union 319553747456 430931367 58250765623 161011479257 0 142256417 38381076196 375143 
com.querydsl.sql.SQLServer2005TemplatesTest.generic_precedence 319558557072 430941598 58251667442 161014103830 0 142269108 38381690739 375143 
com.querydsl.sql.SQLServer2005TemplatesTest.modifiers 319562260927 430960569 58252365379 161017340827 0 142289898 38383173390 375144 
com.querydsl.sql.SQLServer2005TemplatesTest.innerJoin 319565122223 430970831 58252891373 161019232805 0 142301924 38383806973 375144 
com.querydsl.sql.SQLServer2005TemplatesTest.arithmetic 319568854754 430988131 58253583162 161021931914 0 142316545 38384856305 375144 
com.querydsl.sql.SQLServer2005TemplatesTest.modifiers_noOrder 319573199920 431004684 58254434648 161025265994 0 142336597 38386182278 375145 
com.querydsl.sql.SQLServer2005TemplatesTest.booleanTemplate 320626086338 368459249 58191011697 159376779349 0 131402912 36423757203 368763 
com.querydsl.sql.SQLServer2005TemplatesTest.limit 320629292091 368471996 58191604544 159379236511 0 131417840 36424879188 368763 
com.querydsl.sql.SQLServer2005TemplatesTest.noFrom 320632071159 368480688 58192115206 159381026998 0 131429530 36425351823 368763 
com.querydsl.sql.SQLServer2005TemplatesTest.in 320635396036 368492312 58192726733 159383318588 0 131443158 36426101105 368763 
com.querydsl.sql.SQLServer2005TemplatesTest.precedence 320638289470 368499869 58193263312 159384991158 0 131453431 36426485904 368763 
com.querydsl.sql.SQLServer2005TemplatesTest.nextVal 320643154870 368510322 58194156387 159387669000 0 131469076 36427078332 368763 
com.querydsl.sql.SQLServer2005TemplatesTest.union 320646396419 368522694 58194754226 159389931782 0 131483682 36427814559 368763 
com.querydsl.sql.SQLServer2005TemplatesTest.generic_precedence 320651345664 368532218 58195679020 159392564391 0 131496457 36428349888 368763 
com.querydsl.sql.SQLServer2005TemplatesTest.modifiers 320655196643 368550242 58196404309 159395858387 0 131517684 36429664774 368763 
com.querydsl.sql.SQLServer2005TemplatesTest.innerJoin 320658239773 368560292 58196964140 159397823373 0 131530609 36430200051 368763 
com.querydsl.sql.SQLServer2005TemplatesTest.arithmetic 320662228493 368578588 58197703230 159400685257 0 131546845 36431220907 368763 
com.querydsl.sql.SQLServer2005TemplatesTest.modifiers_noOrder 320666710640 368594795 58198579174 159403969696 0 131567473 36432389099 368775 
com.querydsl.sql.SQLServer2005TemplatesTest.modifiers 319077184150 405424596 58692261019 156857311880 0 138014608 38026018282 410596 
com.querydsl.sql.SQLServer2005TemplatesTest.arithmetic 319081466945 405445582 58693047919 156860609844 0 138032134 38027621504 410596 
com.querydsl.sql.SQLServer2005TemplatesTest.nextVal 319086331498 405457096 58693932220 156863376157 0 138048937 38028182462 410596 
com.querydsl.sql.SQLServer2005TemplatesTest.booleanTemplate 319089771959 405472095 58694559342 156865833214 0 138063707 38029125504 410596 
com.querydsl.sql.SQLServer2005TemplatesTest.generic_precedence 319094375601 405483361 58695398350 156868401340 0 138076348 38029737281 410596 
com.querydsl.sql.SQLServer2005TemplatesTest.noFrom 319097150565 405492438 58695904472 156870149025 0 138087845 38030148056 410596 
com.querydsl.sql.SQLServer2005TemplatesTest.modifiers_noOrder 319101775388 405509674 58696805819 156873427572 0 138109179 38031092102 410597 
com.querydsl.sql.SQLServer2005TemplatesTest.union 319104810789 405522976 58697362005 156875658482 0 138124864 38031802813 410597 
com.querydsl.sql.SQLServer2005TemplatesTest.innerJoin 319107924457 405535261 58697928237 156877730129 0 138137493 38032489826 410597 
com.querydsl.sql.SQLServer2005TemplatesTest.limit 319110771057 405545943 58698448722 156879630854 0 138150247 38033020927 410597 
com.querydsl.sql.SQLServer2005TemplatesTest.in 319113867019 405558299 58699011568 156881668539 0 138162940 38033687353 410597 
com.querydsl.sql.SQLServer2005TemplatesTest.precedence 319117020004 405569104 58699589653 156883547304 0 138173632 38034186835 410597 
