com.querydsl.sql.SQLiteTemplatesTest.precedence 2493604974 8187616 479974543 1821052178 0 11039782 621760245 16748 
com.querydsl.sql.SQLiteTemplatesTest.booleanTemplate 2496595625 8199301 480521408 1823089726 0 11051562 622632737 16748 
com.querydsl.sql.SQLiteTemplatesTest.noFrom 2499407825 8206952 481035671 1824656707 0 11060281 623043002 16748 
com.querydsl.sql.SQLiteTemplatesTest.innerJoin 2502279764 8215565 481561629 1826320042 0 11069474 623526673 16748 
com.querydsl.sql.SQLiteTemplatesTest.arithmetic 2506280457 8239583 482288359 1829125496 0 11086025 624785552 16748 
com.querydsl.sql.SQLiteTemplatesTest.generic_precedence 2512964369 8253095 483502343 1833009625 0 11103627 625815706 16748 
com.querydsl.sql.SQLiteTemplatesTest.in 2515891328 8262978 484038173 1834877031 0 11115072 626435787 16748 
com.querydsl.sql.SQLiteTemplatesTest.union 2518906906 8274074 484591478 1836853351 0 11126589 627163802 16748 
com.querydsl.sql.SQLiteTemplatesTest.innerJoin 320929337344 395047448 58676392126 165493182798 0 152726152 36914047308 377614 
com.querydsl.sql.SQLiteTemplatesTest.generic_precedence 320934174247 395056131 58677276673 165495808959 0 152737043 36914940938 377614 
com.querydsl.sql.SQLiteTemplatesTest.booleanTemplate 320937591979 395065908 58677893000 165497887736 0 152747470 36915764151 377614 
com.querydsl.sql.SQLiteTemplatesTest.arithmetic 320941368549 395075345 58678575216 165500034307 0 152757492 36916400957 377614 
com.querydsl.sql.SQLiteTemplatesTest.noFrom 320944712816 395083653 58679177872 165501850855 0 152766489 36916912334 377614 
com.querydsl.sql.SQLiteTemplatesTest.union 320948251304 395093797 58679817888 165504087014 0 152777651 36917795331 377614 
com.querydsl.sql.SQLiteTemplatesTest.in 320951642252 395102996 58680429534 165506032728 0 152787957 36918393516 377614 
com.querydsl.sql.SQLiteTemplatesTest.precedence 320955136140 395111059 58681064410 165507969687 0 152797062 36918973106 377614 
com.querydsl.sql.SQLiteTemplatesTest.innerJoin 322217183274 444359627 58767969448 163251594449 0 159771434 39255992356 377571 
com.querydsl.sql.SQLiteTemplatesTest.generic_precedence 322222322687 444368212 58768903901 163254390614 0 159782874 39256819740 377571 
com.querydsl.sql.SQLiteTemplatesTest.booleanTemplate 322225954220 444378144 58769558303 163256684938 0 159794678 39257669178 377571 
com.querydsl.sql.SQLiteTemplatesTest.arithmetic 322229997066 444388524 58770289381 163259066969 0 159806135 39258406085 377571 
com.querydsl.sql.SQLiteTemplatesTest.noFrom 322233480635 444396359 58770916080 163261017048 0 159815903 39258967836 377571 
com.querydsl.sql.SQLiteTemplatesTest.union 322237126226 444406742 58771574832 163263347246 0 159827300 39259911694 377571 
com.querydsl.sql.SQLiteTemplatesTest.in 322240646834 444415338 58772208553 163265344135 0 159837376 39260498807 377571 
com.querydsl.sql.SQLiteTemplatesTest.precedence 322244266581 444423023 58772865058 163267353761 0 159846685 39260981977 377571 
com.querydsl.sql.SQLiteTemplatesTest.precedence 2493173854 8528857 479781063 1900965517 0 11090494 670266190 16995 
com.querydsl.sql.SQLiteTemplatesTest.booleanTemplate 2496573168 8540933 480400591 1903163648 0 11102037 671151970 16995 
com.querydsl.sql.SQLiteTemplatesTest.noFrom 2499823872 8549550 480993341 1904964127 0 11110877 671616785 16995 
com.querydsl.sql.SQLiteTemplatesTest.innerJoin 2503129490 8558961 481596352 1906849408 0 11120104 672158861 16995 
com.querydsl.sql.SQLiteTemplatesTest.arithmetic 2507542273 8583303 482396126 1909869978 0 11136714 673477947 16995 
com.querydsl.sql.SQLiteTemplatesTest.generic_precedence 2515124163 8600020 483775915 1914357059 0 11158350 674724091 16995 
com.querydsl.sql.SQLiteTemplatesTest.in 2518957904 8611540 484468851 1916966740 0 11177146 675532094 16995 
com.querydsl.sql.SQLiteTemplatesTest.union 2522485636 8623341 485112864 1919222290 0 11188934 676371536 16995 
com.querydsl.sql.SQLiteTemplatesTest.precedence 2504210227 8486110 481892030 1870723632 0 11073683 658412407 16818 
com.querydsl.sql.SQLiteTemplatesTest.booleanTemplate 2507517291 8498140 482493287 1873040940 0 11085464 659485028 16818 
com.querydsl.sql.SQLiteTemplatesTest.noFrom 2510648759 8506209 483062528 1874805258 0 11094113 659967906 16818 
com.querydsl.sql.SQLiteTemplatesTest.innerJoin 2513838036 8515317 483642576 1876658517 0 11103130 660522665 16818 
com.querydsl.sql.SQLiteTemplatesTest.arithmetic 2518165063 8537943 484424622 1879691598 0 11119486 661852461 16818 
com.querydsl.sql.SQLiteTemplatesTest.generic_precedence 2525086426 8551584 485678355 1883717941 0 11136886 662980730 16818 
com.querydsl.sql.SQLiteTemplatesTest.in 2528507792 8562603 486300975 1885972505 0 11148433 663835978 16818 
com.querydsl.sql.SQLiteTemplatesTest.union 2531882530 8574020 486916548 1888223795 0 11160134 664712431 16818 
com.querydsl.sql.SQLiteTemplatesTest.precedence 2457816891 8269339 473795286 1843370133 0 11009330 654980303 16848 
com.querydsl.sql.SQLiteTemplatesTest.booleanTemplate 2460780492 8281527 474336109 1845669336 0 11020522 656189464 16848 
com.querydsl.sql.SQLiteTemplatesTest.noFrom 2463591604 8289870 474849488 1847337850 0 11029075 656723283 16848 
com.querydsl.sql.SQLiteTemplatesTest.innerJoin 2466446464 8298685 475370788 1849036122 0 11038011 657278835 16848 
com.querydsl.sql.SQLiteTemplatesTest.arithmetic 2470431429 8322740 476093068 1851891858 0 11054196 658628615 16848 
com.querydsl.sql.SQLiteTemplatesTest.generic_precedence 2478076060 8336652 477455088 1856393214 0 11076764 659812482 16849 
com.querydsl.sql.SQLiteTemplatesTest.in 2480991504 8346632 477986750 1858263905 0 11087738 660494481 16849 
com.querydsl.sql.SQLiteTemplatesTest.union 2484000404 8357796 478537073 1860271225 0 11098750 661331345 16849 
com.querydsl.sql.SQLiteTemplatesTest.innerJoin 323323091976 382528229 58714159358 161727468904 0 149518570 37352550642 371223 
com.querydsl.sql.SQLiteTemplatesTest.generic_precedence 323328169607 382537178 58715089987 161730225970 0 149530242 37353434288 371223 
com.querydsl.sql.SQLiteTemplatesTest.booleanTemplate 323331629385 382547345 58715715207 161732374372 0 149541072 37354349164 371223 
com.querydsl.sql.SQLiteTemplatesTest.arithmetic 323335472986 382557473 58716409935 161734569945 0 149551468 37355047784 371223 
com.querydsl.sql.SQLiteTemplatesTest.noFrom 323338816092 382565293 58717011967 161736385388 0 149560501 37355561096 371223 
com.querydsl.sql.SQLiteTemplatesTest.union 323342306052 382575494 58717642858 161738583896 0 149571289 37356457343 371223 
com.querydsl.sql.SQLiteTemplatesTest.in 323345699197 382584301 58718254482 161740523840 0 149581463 37357058910 371223 
com.querydsl.sql.SQLiteTemplatesTest.precedence 323349189576 382591704 58718888297 161742331722 0 149590273 37357463641 371223 
com.querydsl.sql.SQLiteTemplatesTest.noFrom 1634424101 5630793 320317143 1288060849 0 9421340 407604233 3064 
com.querydsl.sql.SQLiteTemplatesTest.generic_precedence 1646959569 5666996 322557682 1297285008 0 9491055 410691125 3067 
com.querydsl.sql.SQLiteTemplatesTest.in 1652263336 5685413 323486950 1301241162 0 9514153 412475806 3067 
com.querydsl.sql.SQLiteTemplatesTest.booleanTemplate 1657347151 5705924 324384467 1305055853 0 9537314 414168576 3067 
com.querydsl.sql.SQLiteTemplatesTest.precedence 1661429292 5716740 325119784 1307694344 0 9552593 415042441 3067 
com.querydsl.sql.SQLiteTemplatesTest.union 1665639881 5731691 325874245 1310727172 0 9571312 416300394 3067 
com.querydsl.sql.SQLiteTemplatesTest.innerJoin 1670834929 5748268 326781337 1314711889 0 9594144 418059040 3068 
com.querydsl.sql.SQLiteTemplatesTest.arithmetic 1677730726 5789201 328006306 1320583511 0 9634164 420810269 3068 
