com.querydsl.collections.CollQueryTemplatesTest.concat 2677402608 10385707 516751213 2065264689 0 11875445 790960207 53248 
com.querydsl.collections.CollQueryTemplatesTest.generic_precedence 2688139373 10425049 518612600 2074425981 0 11955061 794078182 53249 
com.querydsl.collections.CollQueryTemplatesTest.generic_precedence 25167402059 84665582 4874448934 18356972881 0 120323358 7647575101 150039 
com.querydsl.collections.CollQueryTemplatesTest.concat 25168029123 84671714 4874560619 18357814810 0 120328556 7648268496 150039 
com.querydsl.collections.CollQueryTemplatesTest.generic_precedence 7279998266 27162826 1387591613 5530361867 0 35020720 2425747063 55935 
com.querydsl.collections.CollQueryTemplatesTest.concat 7280787548 27170283 1387730724 5531259526 0 35027837 2426248922 55935 
com.querydsl.collections.CollQueryTemplatesTest.generic_precedence 5877235144 21482262 1128670090 4508901710 0 29458088 1873367294 56928 
com.querydsl.collections.CollQueryTemplatesTest.concat 5878489904 21493872 1128901934 4511220473 0 29468294 1874689182 56928 
com.querydsl.collections.CollQueryTemplatesTest.concat 28075805006 90995549 5423898435 20021000617 0 130258630 7915921615 290878 
com.querydsl.collections.CollQueryTemplatesTest.generic_precedence 28080290239 91008547 5424726436 20024295527 0 130274333 7917040062 290933 
com.querydsl.collections.CollQueryTemplatesTest.generic_precedence 26333158866 84114661 5084668311 18733059153 0 122393815 7451522110 371215 
com.querydsl.collections.CollQueryTemplatesTest.concat 26333784616 84120717 5084780086 18733842112 0 122398964 7452100533 371215 
com.querydsl.collections.CollQueryTemplatesTest.generic_precedence 30890771754 100895417 5973796608 22399821359 0 143528163 9063101313 328055 
com.querydsl.collections.CollQueryTemplatesTest.concat 30891267136 100901246 5973888670 22400516651 0 143532375 9063649684 328055 
com.querydsl.collections.CollQueryTemplatesTest.concat 8592182403 30955913 1645401917 6662998819 0 41397094 2852976205 116074 
com.querydsl.collections.CollQueryTemplatesTest.generic_precedence 8600411593 30979839 1646855033 6669891751 0 41443846 2855255745 116076 
com.querydsl.collections.CollQueryTemplatesTest.generic_precedence 7780981373 27573948 1488101210 5897555709 0 37508391 2518719098 57404 
com.querydsl.collections.CollQueryTemplatesTest.concat 7781926566 27582512 1488270245 5898998363 0 37516949 2520016136 57404 
com.querydsl.collections.CollQueryTemplatesTest.generic_precedence 26481209614 85809596 5106217536 18960743452 0 122467343 7710303144 238519 
com.querydsl.collections.CollQueryTemplatesTest.concat 26481852533 85815801 5106332287 18961493079 0 122472445 7710775698 238519 
com.querydsl.collections.CollQueryTemplatesTest.generic_precedence 9852815226 35850204 1886950852 7505243925 0 47858310 3217740785 116424 
com.querydsl.collections.CollQueryTemplatesTest.concat 9853439088 35857213 1887065747 7506116805 0 47864015 3218465680 116424 
